data/crater_dem/crater0026.asc
ncols         554
nrows         554
xllcorner     -19966.715726238
yllcorner     1722449.2194984
cellsize      59.2252938
NODATA_value  -9999
[rows 340 to 373 of 554, columns 154 to 230 of 554]
-5382 -5383 -5385 -5390 -5387 -5386 -5387 -5380 -5372 -5376 -5385 -5387 -5383 -5380 -5385 -5386 -5379 -5380 -5380 -5380 -5379 -5378 -5380 -5380 -5376 -5378 -5384 -5379 -5375 -5366 -5361 -5372 -5376 -5374 -5368 -5366 -5369 -5376 -5374 -5366 -5356 -5356 -5362 -5366 -5368 -5366 -5382 -5378 -5375 -5376 -5374 -5363 -5360 -5360 -5376 -5361 -5378 -5373 -5377 -5378 -5376 -5373 -5370 -5369 -5366 -5367 -5380 -5393 -5403 -5402 -5402 -5404 -5405 -5403 -5407 -5397 -5399
-5386 -5387 -5386 -5392 -5389 -5390 -5391 -5381 -5370 -5373 -5380 -5381 -5380 -5377 -5380 -5385 -5378 -5378 -5382 -5383 -5387 -5383 -5382 -5382 -5376 -5377 -5382 -5377 -5373 -5368 -5368 -5377 -5378 -5369 -5365 -5363 -5364 -5371 -5371 -5365 -5364 -5366 -5372 -5372 -5371 -5373 -5383 -5377 -5377 -5377 -5373 -5361 -5358 -5361 -5375 -5365 -5378 -5371 -5375 -5379 -5379 -5376 -5374 -5373 -5371 -5373 -5386 -5392 -5400 -5401 -5402 -5405 -5405 -5399 -5407 -5398 -5402
-5387 -5387 -5387 -5387 -5392 -5393 -5391 -5382 -5373 -5374 -5377 -5377 -5376 -5377 -5380 -5382 -5377 -5379 -5380 -5380 -5384 -5379 -5379 -5380 -5381 -5383 -5386 -5381 -5375 -5371 -5372 -5381 -5377 -5366 -5363 -5362 -5364 -5371 -5372 -5370 -5368 -5372 -5378 -5376 -5376 -5378 -5380 -5371 -5375 -5372 -5367 -5361 -5360 -5363 -5374 -5366 -5376 -5369 -5374 -5378 -5379 -5377 -5373 -5372 -5370 -5378 -5387 -5392 -5399 -5402 -5402 -5403 -5402 -5400 -5410 -5397 -5399
-5391 -5384 -5390 -5382 -5388 -5390 -5387 -5383 -5379 -5375 -5375 -5375 -5377 -5379 -5380 -5377 -5377 -5375 -5377 -5376 -5379 -5376 -5379 -5381 -5386 -5389 -5385 -5381 -5375 -5374 -5378 -5378 -5369 -5362 -5362 -5362 -5366 -5373 -5375 -5371 -5367 -5369 -5376 -5379 -5376 -5377 -5379 -5375 -5377 -5365 -5361 -5363 -5363 -5364 -5366 -5363 -5371 -5369 -5372 -5376 -5378 -5375 -5368 -5363 -5365 -5381 -5394 -5397 -5401 -5402 -5400 -5399 -5400 -5403 -5409 -5397 -5393
-5386 -5384 -5388 -5382 -5384 -5385 -5383 -5385 -5381 -5375 -5373 -5374 -5378 -5379 -5377 -5374 -5374 -5378 -5380 -5377 -5382 -5384 -5386 -5386 -5390 -5389 -5381 -5379 -5378 -5382 -5381 -5372 -5361 -5364 -5366 -5365 -5365 -5368 -5366 -5367 -5366 -5366 -5371 -5376 -5374 -5372 -5376 -5375 -5365 -5360 -5360 -5365 -5367 -5367 -5366 -5362 -5377 -5367 -5369 -5372 -5373 -5370 -5361 -5355 -5361 -5380 -5396 -5396 -5401 -5403 -5397 -5396 -5398 -5404 -5411 -5399 -5391
-5385 -5386 -5388 -5386 -5383 -5384 -5385 -5385 -5382 -5377 -5375 -5375 -5379 -5378 -5378 -5379 -5375 -5383 -5382 -5379 -5379 -5384 -5386 -5385 -5383 -5382 -5377 -5379 -5389 -5381 -5378 -5372 -5379 -5387 -5381 -5374 -5369 -5364 -5362 -5365 -5368 -5368 -5368 -5372 -5371 -5371 -5374 -5372 -5373 -5362 -5362 -5367 -5368 -5367 -5366 -5365 -5376 -5369 -5369 -5373 -5371 -5365 -5362 -5357 -5364 -5381 -5395 -5394 -5402 -5405 -5399 -5398 -5399 -5402 -5409 -5399 -5393
-5384 -5389 -5385 -5387 -5384 -5383 -5386 -5383 -5381 -5381 -5378 -5378 -5379 -5379 -5381 -5384 -5382 -5383 -5380 -5376 -5372 -5378 -5378 -5376 -5370 -5373 -5379 -5381 -5384 -5377 -5370 -5374 -5385 -5394 -5382 -5376 -5369 -5364 -5363 -5368 -5368 -5368 -5367 -5368 -5369 -5365 -5371 -5376 -5366 -5365 -5364 -5365 -5364 -5365 -5372 -5370 -5376 -5372 -5368 -5366 -5363 -5360 -5364 -5366 -5374 -5386 -5397 -5395 -5403 -5403 -5399 -5399 -5399 -5401 -5401 -5399 -5397
-5383 -5386 -5382 -5380 -5381 -5383 -5385 -5383 -5384 -5384 -5379 -5379 -5380 -5381 -5383 -5384 -5379 -5382 -5376 -5372 -5369 -5375 -5375 -5374 -5371 -5374 -5382 -5382 -5376 -5375 -5366 -5369 -5378 -5379 -5373 -5371 -5367 -5362 -5363 -5365 -5366 -5365 -5364 -5367 -5368 -5360 -5375 -5376 -5377 -5369 -5364 -5363 -5365 -5368 -5373 -5370 -5373 -5374 -5369 -5360 -5357 -5353 -5361 -5371 -5379 -5385 -5398 -5394 -5402 -5398 -5393 -5392 -5392 -5396 -5405 -5396 -5396
-5388 -5383 -5382 -5375 -5378 -5380 -5385 -5384 -5383 -5384 -5382 -5380 -5380 -5384 -5386 -5381 -5378 -5378 -5376 -5373 -5371 -5373 -5376 -5377 -5376 -5379 -5380 -5378 -5376 -5379 -5368 -5366 -5378 -5369 -5367 -5366 -5361 -5358 -5357 -5363 -5366 -5364 -5364 -5369 -5370 -5359 -5374 -5377 -5376 -5373 -5364 -5364 -5370 -5371 -5366 -5361 -5366 -5370 -5377 -5368 -5361 -5350 -5360 -5375 -5376 -5382 -5397 -5395 -5397 -5394 -5390 -5387 -5387 -5392 -5403 -5390 -5394
-5390 -5385 -5382 -5380 -5377 -5377 -5382 -5382 -5380 -5381 -5380 -5379 -5381 -5387 -5386 -5375 -5373 -5371 -5374 -5370 -5372 -5372 -5378 -5381 -5381 -5381 -5379 -5376 -5374 -5377 -5370 -5370 -5369 -5367 -5365 -5362 -5353 -5354 -5358 -5364 -5364 -5364 -5367 -5375 -5373 -5359 -5368 -5371 -5374 -5373 -5365 -5362 -5367 -5367 -5360 -5357 -5361 -5365 -5375 -5368 -5359 -5346 -5360 -5374 -5375 -5382 -5394 -5393 -5386 -5383 -5389 -5392 -5392 -5398 -5404 -5390 -5395
-5385 -5387 -5385 -5386 -5377 -5376 -5379 -5381 -5382 -5381 -5377 -5378 -5383 -5387 -5383 -5373 -5371 -5367 -5369 -5368 -5369 -5370 -5375 -5377 -5377 -5378 -5376 -5373 -5372 -5374 -5374 -5376 -5372 -5371 -5371 -5366 -5354 -5358 -5363 -5366 -5366 -5368 -5381 -5387 -5383 -5368 -5366 -5367 -5370 -5369 -5363 -5358 -5360 -5361 -5354 -5360 -5360 -5363 -5365 -5356 -5349 -5345 -5354 -5364 -5373 -5384 -5388 -5391 -5378 -5377 -5385 -5390 -5391 -5393 -5403 -5393 -5400
-5384 -5382 -5384 -5383 -5377 -5376 -5378 -5382 -5387 -5384 -5377 -5376 -5379 -5379 -5377 -5371 -5371 -5367 -5365 -5366 -5365 -5364 -5363 -5364 -5367 -5372 -5374 -5373 -5366 -5375 -5379 -5382 -5379 -5376 -5376 -5373 -5362 -5362 -5365 -5368 -5373 -5380 -5400 -5405 -5399 -5383 -5368 -5367 -5365 -5359 -5355 -5357 -5362 -5362 -5353 -5361 -5361 -5359 -5358 -5354 -5351 -5350 -5352 -5356 -5370 -5379 -5384 -5386 -5380 -5379 -5380 -5386 -5388 -5386 -5403 -5397 -5405
-5387 -5377 -5383 -5374 -5377 -5377 -5378 -5381 -5387 -5386 -5376 -5372 -5374 -5376 -5375 -5373 -5376 -5371 -5373 -5368 -5363 -5358 -5357 -5358 -5363 -5369 -5370 -5371 -5371 -5373 -5375 -5378 -5377 -5373 -5366 -5364 -5363 -5362 -5363 -5370 -5378 -5388 -5408 -5415 -5408 -5391 -5366 -5369 -5365 -5357 -5354 -5362 -5370 -5370 -5363 -5352 -5360 -5355 -5364 -5366 -5363 -5363 -5364 -5362 -5366 -5366 -5377 -5373 -5378 -5382 -5380 -5390 -5395 -5395 -5409 -5404 -5411
-5390 -5383 -5386 -5378 -5382 -5381 -5376 -5376 -5379 -5381 -5375 -5372 -5372 -5376 -5381 -5386 -5398 -5395 -5397 -5381 -5366 -5359 -5355 -5358 -5364 -5365 -5363 -5363 -5368 -5368 -5367 -5368 -5372 -5367 -5354 -5352 -5361 -5364 -5366 -5372 -5381 -5388 -5401 -5410 -5405 -5389 -5369 -5363 -5363 -5365 -5361 -5368 -5377 -5375 -5364 -5346 -5355 -5354 -5364 -5369 -5368 -5371 -5378 -5367 -5364 -5359 -5374 -5359 -5366 -5383 -5389 -5400 -5405 -5409 -5415 -5410 -5416
-5387 -5386 -5392 -5388 -5386 -5383 -5376 -5375 -5375 -5377 -5376 -5374 -5371 -5371 -5384 -5406 -5427 -5429 -5426 -5404 -5380 -5370 -5359 -5360 -5365 -5363 -5359 -5357 -5369 -5364 -5366 -5369 -5372 -5368 -5358 -5358 -5368 -5372 -5373 -5372 -5378 -5382 -5392 -5398 -5394 -5382 -5366 -5369 -5361 -5369 -5367 -5373 -5380 -5378 -5365 -5352 -5345 -5352 -5355 -5361 -5364 -5378 -5389 -5375 -5367 -5365 -5381 -5361 -5367 -5391 -5402 -5408 -5412 -5417 -5422 -5415 -5418
-5386 -5385 -5386 -5389 -5384 -5380 -5377 -5379 -5379 -5377 -5374 -5373 -5374 -5374 -5390 -5425 -5447 -5460 -5459 -5425 -5402 -5379 -5365 -5366 -5371 -5367 -5362 -5358 -5370 -5358 -5366 -5373 -5375 -5370 -5365 -5366 -5373 -5373 -5374 -5372 -5376 -5377 -5381 -5383 -5382 -5380 -5368 -5366 -5366 -5369 -5369 -5373 -5378 -5377 -5371 -5360 -5347 -5351 -5348 -5350 -5356 -5378 -5392 -5383 -5379 -5385 -5391 -5389 -5386 -5398 -5406 -5413 -5417 -5424 -5430 -5421 -5418
-5389 -5388 -5384 -5387 -5383 -5380 -5377 -5380 -5381 -5379 -5374 -5373 -5372 -5376 -5396 -5430 -5455 -5465 -5465 -5438 -5417 -5384 -5371 -5371 -5373 -5369 -5369 -5360 -5370 -5355 -5366 -5373 -5372 -5369 -5365 -5364 -5370 -5370 -5372 -5379 -5385 -5383 -5376 -5376 -5383 -5381 -5374 -5371 -5361 -5365 -5369 -5372 -5369 -5367 -5361 -5360 -5351 -5354 -5350 -5345 -5349 -5366 -5381 -5380 -5384 -5396 -5391 -5404 -5401 -5401 -5408 -5418 -5422 -5426 -5430 -5421 -5418
-5406 -5398 -5383 -5388 -5386 -5384 -5381 -5383 -5383 -5382 -5377 -5375 -5371 -5373 -5393 -5420 -5450 -5450 -5452 -5434 -5417 -5381 -5374 -5373 -5369 -5367 -5370 -5363 -5372 -5357 -5364 -5368 -5369 -5370 -5364 -5362 -5368 -5370 -5368 -5376 -5389 -5387 -5378 -5378 -5388 -5383 -5378 -5374 -5373 -5361 -5364 -5365 -5358 -5357 -5356 -5352 -5350 -5354 -5353 -5348 -5350 -5357 -5367 -5372 -5378 -5390 -5398 -5403 -5408 -5406 -5413 -5420 -5421 -5420 -5426 -5422 -5418
-5421 -5411 -5382 -5389 -5388 -5388 -5389 -5387 -5383 -5380 -5376 -5374 -5370 -5369 -5380 -5401 -5434 -5426 -5425 -5410 -5398 -5371 -5370 -5370 -5364 -5363 -5366 -5363 -5368 -5363 -5362 -5364 -5369 -5371 -5365 -5363 -5366 -5367 -5365 -5371 -5381 -5381 -5377 -5378 -5384 -5380 -5377 -5362 -5356 -5360 -5356 -5357 -5360 -5357 -5353 -5341 -5347 -5346 -5349 -5353 -5354 -5354 -5360 -5368 -5375 -5386 -5406 -5404 -5412 -5412 -5415 -5418 -5418 -5418 -5424 -5425 -5422
-5411 -5408 -5384 -5389 -5382 -5385 -5390 -5388 -5385 -5380 -5372 -5369 -5367 -5364 -5368 -5383 -5413 -5399 -5396 -5387 -5374 -5362 -5363 -5363 -5360 -5361 -5362 -5363 -5371 -5366 -5364 -5366 -5369 -5370 -5371 -5369 -5368 -5368 -5368 -5370 -5373 -5373 -5375 -5377 -5375 -5372 -5377 -5377 -5360 -5364 -5357 -5362 -5369 -5362 -5351 -5340 -5344 -5340 -5350 -5358 -5358 -5356 -5360 -5371 -5381 -5394 -5415 -5411 -5418 -5418 -5417 -5416 -5415 -5421 -5431 -5427 -5424
-5398 -5395 -5389 -5388 -5380 -5382 -5388 -5387 -5386 -5381 -5374 -5372 -5370 -5366 -5366 -5373 -5377 -5378 -5376 -5374 -5358 -5356 -5355 -5357 -5363 -5369 -5366 -5365 -5367 -5366 -5366 -5366 -5367 -5371 -5374 -5375 -5373 -5374 -5373 -5373 -5375 -5375 -5373 -5376 -5376 -5371 -5373 -5371 -5366 -5368 -5363 -5367 -5364 -5356 -5351 -5347 -5344 -5340 -5354 -5361 -5360 -5357 -5366 -5378 -5390 -5405 -5418 -5419 -5422 -5423 -5420 -5416 -5417 -5427 -5432 -5427 -5425
-5395 -5391 -5390 -5390 -5385 -5383 -5386 -5385 -5384 -5380 -5376 -5377 -5375 -5370 -5367 -5367 -5365 -5365 -5365 -5367 -5354 -5358 -5361 -5365 -5375 -5378 -5371 -5363 -5366 -5363 -5362 -5361 -5364 -5367 -5370 -5371 -5372 -5376 -5375 -5376 -5380 -5379 -5372 -5375 -5380 -5374 -5374 -5372 -5365 -5367 -5367 -5365 -5357 -5349 -5352 -5351 -5343 -5346 -5353 -5358 -5360 -5364 -5375 -5388 -5397 -5408 -5422 -5423 -5422 -5421 -5418 -5418 -5423 -5434 -5432 -5432 -5425
-5393 -5393 -5392 -5389 -5389 -5384 -5384 -5384 -5377 -5377 -5375 -5374 -5373 -5373 -5370 -5367 -5370 -5363 -5363 -5365 -5358 -5371 -5382 -5389 -5397 -5393 -5385 -5374 -5368 -5363 -5360 -5359 -5364 -5364 -5364 -5366 -5370 -5373 -5375 -5376 -5379 -5378 -5371 -5375 -5377 -5369 -5374 -5370 -5366 -5370 -5372 -5370 -5364 -5358 -5350 -5347 -5346 -5353 -5356 -5358 -5362 -5372 -5385 -5396 -5405 -5411 -5426 -5421 -5423 -5418 -5415 -5420 -5426 -5433 -5431 -5432 -5423
-5390 -5392 -5395 -5386 -5386 -5381 -5386 -5384 -5377 -5380 -5377 -5375 -5375 -5379 -5379 -5371 -5372 -5365 -5361 -5364 -5368 -5387 -5407 -5416 -5427 -5421 -5413 -5399 -5379 -5373 -5365 -5365 -5369 -5366 -5365 -5368 -5369 -5373 -5384 -5381 -5377 -5375 -5371 -5373 -5372 -5366 -5376 -5367 -5370 -5373 -5375 -5376 -5374 -5371 -5345 -5350 -5348 -5358 -5367 -5367 -5370 -5380 -5392 -5405 -5413 -5414 -5430 -5419 -5420 -5417 -5414 -5421 -5426 -5428 -5430 -5426 -5424
-5388 -5387 -5387 -5388 -5380 -5379 -5386 -5387 -5383 -5385 -5381 -5379 -5378 -5381 -5384 -5377 -5371 -5366 -5361 -5366 -5381 -5409 -5432 -5441 -5451 -5445 -5434 -5419 -5404 -5386 -5372 -5368 -5370 -5369 -5369 -5370 -5364 -5371 -5387 -5383 -5375 -5373 -5369 -5367 -5369 -5369 -5375 -5375 -5372 -5372 -5372 -5372 -5373 -5371 -5343 -5350 -5351 -5351 -5370 -5376 -5379 -5387 -5398 -5413 -5419 -5417 -5429 -5417 -5422 -5421 -5419 -5419 -5421 -5426 -5433 -5427 -5428
-5389 -5384 -5381 -5386 -5380 -5381 -5385 -5389 -5386 -5381 -5379 -5379 -5377 -5376 -5379 -5376 -5372 -5369 -5362 -5369 -5399 -5432 -5455 -5461 -5467 -5462 -5450 -5433 -5421 -5395 -5372 -5367 -5367 -5368 -5370 -5368 -5363 -5372 -5382 -5375 -5372 -5371 -5370 -5369 -5371 -5374 -5374 -5371 -5375 -5371 -5369 -5368 -5369 -5367 -5348 -5345 -5356 -5344 -5365 -5376 -5379 -5388 -5398 -5412 -5422 -5424 -5430 -5421 -5422 -5423 -5421 -5418 -5420 -5426 -5430 -5432 -5433
-5392 -5386 -5383 -5384 -5384 -5384 -5385 -5391 -5385 -5377 -5377 -5379 -5378 -5374 -5371 -5369 -5371 -5370 -5363 -5368 -5410 -5444 -5461 -5465 -5469 -5467 -5458 -5442 -5425 -5395 -5370 -5365 -5364 -5367 -5368 -5367 -5368 -5375 -5375 -5371 -5371 -5373 -5374 -5375 -5377 -5377 -5379 -5372 -5375 -5374 -5378 -5381 -5374 -5367 -5354 -5351 -5355 -5344 -5361 -5372 -5377 -5387 -5399 -5414 -5424 -5430 -5431 -5428 -5423 -5420 -5431 -5419 -5421 -5424 -5431 -5429 -5430
-5392 -5390 -5383 -5385 -5383 -5384 -5385 -5388 -5383 -5381 -5379 -5379 -5377 -5374 -5369 -5365 -5370 -5367 -5363 -5367 -5404 -5441 -5454 -5457 -5459 -5457 -5452 -5431 -5399 -5384 -5365 -5361 -5363 -5365 -5365 -5365 -5369 -5371 -5371 -5374 -5376 -5377 -5379 -5379 -5380 -5378 -5377 -5380 -5376 -5383 -5400 -5399 -5378 -5369 -5358 -5363 -5353 -5345 -5360 -5374 -5379 -5391 -5405 -5423 -5429 -5429 -5433 -5433 -5428 -5423 -5422 -5426 -5428 -5423 -5433 -5421 -5424
-5388 -5391 -5387 -5382 -5384 -5385 -5385 -5382 -5382 -5385 -5379 -5376 -5375 -5375 -5373 -5370 -5371 -5365 -5366 -5375 -5393 -5429 -5441 -5443 -5443 -5441 -5431 -5411 -5381 -5369 -5357 -5357 -5363 -5366 -5366 -5367 -5370 -5369 -5372 -5380 -5380 -5381 -5381 -5381 -5379 -5378 -5376 -5381 -5374 -5385 -5403 -5396 -5375 -5371 -5362 -5376 -5359 -5350 -5364 -5373 -5377 -5395 -5412 -5428 -5432 -5431 -5432 -5434 -5431 -5426 -5427 -5431 -5431 -5425 -5436 -5422 -5423
-5383 -5386 -5389 -5383 -5386 -5385 -5384 -5379 -5383 -5385 -5375 -5372 -5373 -5373 -5374 -5377 -5373 -5372 -5368 -5376 -5377 -5410 -5423 -5426 -5429 -5423 -5408 -5394 -5379 -5370 -5358 -5359 -5363 -5369 -5370 -5370 -5372 -5370 -5374 -5381 -5381 -5380 -5379 -5379 -5378 -5376 -5377 -5375 -5375 -5378 -5385 -5381 -5374 -5377 -5370 -5380 -5363 -5355 -5364 -5371 -5379 -5402 -5418 -5430 -5436 -5436 -5432 -5430 -5427 -5425 -5434 -5426 -5425 -5427 -5436 -5428 -5422
-5382 -5384 -5384 -5384 -5383 -5380 -5377 -5378 -5381 -5381 -5374 -5372 -5371 -5369 -5370 -5377 -5371 -5378 -5369 -5371 -5365 -5390 -5403 -5407 -5411 -5403 -5385 -5379 -5380 -5375 -5365 -5359 -5360 -5366 -5369 -5369 -5372 -5372 -5375 -5379 -5379 -5381 -5380 -5379 -5383 -5379 -5375 -5376 -5380 -5377 -5375 -5374 -5380 -5384 -5371 -5373 -5367 -5358 -5364 -5374 -5385 -5406 -5419 -5430 -5438 -5438 -5431 -5429 -5426 -5428 -5427 -5422 -5424 -5435 -5435 -5433 -5424
-5383 -5383 -5380 -5379 -5380 -5375 -5372 -5379 -5379 -5376 -5376 -5374 -5371 -5370 -5371 -5371 -5370 -5376 -5369 -5369 -5363 -5377 -5385 -5386 -5388 -5381 -5368 -5368 -5376 -5375 -5366 -5363 -5366 -5370 -5368 -5368 -5372 -5375 -5377 -5381 -5384 -5385 -5383 -5379 -5384 -5381 -5381 -5377 -5382 -5375 -5374 -5377 -5385 -5393 -5382 -5379 -5374 -5361 -5364 -5376 -5387 -5405 -5415 -5424 -5430 -5433 -5431 -5430 -5431 -5438 -5436 -5427 -5429 -5437 -5433 -5431 -5424
-5379 -5379 -5379 -5379 -5380 -5376 -5374 -5380 -5374 -5371 -5375 -5375 -5374 -5374 -5372 -5371 -5370 -5372 -5372 -5373 -5368 -5374 -5376 -5375 -5371 -5368 -5366 -5369 -5377 -5377 -5370 -5370 -5376 -5377 -5374 -5373 -5379 -5380 -5380 -5383 -5383 -5383 -5381 -5378 -5379 -5377 -5383 -5384 -5377 -5370 -5372 -5381 -5386 -5391 -5386 -5382 -5375 -5365 -5367 -5375 -5382 -5398 -5408 -5417 -5424 -5429 -5432 -5432 -5436 -5444 -5441 -5432 -5432 -5433 -5431 -5427 -5428
-5377 -5378 -5380 -5377 -5377 -5376 -5379 -5381 -5372 -5367 -5373 -5375 -5375 -5376 -5375 -5373 -5373 -5370 -5376 -5383 -5377 -5375 -5372 -5369 -5361 -5363 -5369 -5377 -5383 -5383 -5377 -5374 -5374 -5376 -5377 -5378 -5383 -5383 -5380 -5378 -5375 -5374 -5376 -5379 -5376 -5374 -5390 -5390 -5377 -5371 -5378 -5385 -5385 -5385 -5385 -5387 -5374 -5370 -5374 -5376 -5379 -5391 -5405 -5414 -5422 -5427 -5432 -5431 -5437 -5439 -5436 -5430 -5431 -5432 -5431 -5429 -5430
