data/crater_dem/crater0096.asc
ncols         322
nrows         321
xllcorner     528.15570779356
yllcorner     1256583.0584676
cellsize      59.2252938
NODATA_value  -9999
[rows 38 to 75 of 321, columns 168 to 251 of 322]
6785 6739 6715 6690 6643 6622 6601 6561 6537 6513 6475 6457 6433 6386 6364 6341 6292 6272 6248 6195 6170 6141 6094 6049 5993 5964 5937 5870 5862 5806 5741 5711 5680 5608 5575 5546 5487 5453 5418 5356 5326 5293 5229 5199 5170 5098 5074 5032 4974 4929 4866 4835 4803 4734 4704 4676 4623 4594 4564 4501 4473 4453 4386 4356 4326 4267 4236 4205 4146 4114 4087 4040 4011 3978 3922 3896 3842 3815 3789 3739 3715 3687 3631 3602
6787 6738 6714 6692 6649 6625 6602 6559 6536 6514 6479 6459 6436 6392 6370 6345 6295 6272 6247 6197 6172 6142 6097 6049 5994 5965 5938 5881 5851 5818 5753 5723 5692 5622 5589 5559 5500 5467 5432 5369 5337 5306 5243 5211 5180 5110 5086 5043 4979 4945 4880 4850 4818 4750 4718 4689 4635 4607 4575 4513 4487 4465 4397 4367 4337 4279 4248 4219 4159 4128 4100 4051 4023 4006 3936 3907 3849 3820 3792 3740 3716 3690 3637 3609
6789 6741 6719 6699 6656 6631 6605 6563 6542 6523 6481 6457 6432 6395 6376 6352 6298 6270 6246 6198 6173 6144 6102 6059 6002 5973 5944 5888 5856 5828 5766 5735 5703 5635 5603 5572 5510 5477 5446 5384 5350 5318 5255 5222 5191 5126 5105 5057 4995 4962 4895 4873 4832 4766 4735 4705 4650 4620 4588 4525 4504 4481 4407 4378 4348 4290 4260 4230 4172 4142 4113 4061 4041 4004 3946 3917 3858 3827 3797 3742 3717 3695 3645 3617
6795 6748 6725 6704 6661 6637 6614 6571 6552 6532 6483 6454 6428 6393 6376 6356 6306 6275 6246 6201 6178 6151 6108 6070 6015 5988 5960 5900 5885 5840 5776 5741 5710 5646 5615 5586 5520 5488 5458 5394 5362 5332 5270 5237 5206 5145 5120 5077 5015 4980 4913 4882 4850 4782 4750 4721 4663 4632 4601 4540 4516 4501 4420 4391 4360 4301 4272 4242 4186 4155 4123 4071 4051 4006 3948 3922 3867 3836 3805 3749 3725 3701 3651 3623
6805 6757 6733 6710 6666 6644 6622 6583 6562 6540 6488 6460 6435 6396 6375 6357 6314 6282 6251 6207 6185 6159 6111 6076 6022 5996 5971 5909 5879 5849 5783 5748 5716 5658 5628 5598 5529 5496 5466 5403 5372 5346 5287 5254 5222 5160 5137 5092 5031 4995 4931 4899 4866 4797 4765 4735 4676 4646 4616 4553 4521 4487 4431 4403 4372 4312 4283 4254 4195 4161 4127 4081 4038 4006 3950 3927 3874 3844 3813 3759 3734 3711 3661 3631
6815 6767 6744 6720 6674 6652 6630 6591 6569 6546 6495 6467 6442 6400 6379 6361 6319 6289 6260 6215 6193 6166 6119 6081 6026 5999 5973 5913 5886 5856 5795 5761 5729 5671 5641 5610 5537 5505 5478 5416 5385 5357 5299 5269 5235 5169 5144 5099 5038 5003 4943 4913 4881 4813 4780 4745 4689 4662 4631 4563 4525 4495 4439 4413 4383 4323 4293 4263 4203 4167 4134 4084 4063 4013 3956 3932 3879 3849 3820 3768 3744 3722 3673 3644
6824 6776 6754 6730 6686 6663 6640 6598 6575 6550 6500 6474 6450 6408 6389 6369 6324 6297 6271 6226 6203 6175 6125 6089 6032 6005 5978 5921 5894 5866 5807 5775 5743 5684 5655 5622 5550 5522 5496 5435 5401 5369 5308 5278 5246 5175 5150 5105 5043 5010 4954 4924 4892 4823 4785 4749 4696 4672 4642 4575 4540 4509 4452 4426 4396 4334 4304 4275 4214 4180 4147 4094 4071 4023 3964 3938 3882 3855 3829 3776 3752 3728 3681 3654
6829 6783 6762 6740 6698 6676 6652 6611 6587 6559 6508 6484 6462 6420 6399 6378 6332 6308 6284 6239 6216 6188 6137 6099 6043 6018 5992 5931 5904 5876 5816 5785 5754 5696 5665 5633 5566 5538 5512 5450 5416 5384 5320 5288 5257 5182 5159 5113 5050 5020 4964 4934 4900 4829 4793 4761 4708 4683 4653 4586 4557 4526 4466 4438 4408 4346 4316 4288 4226 4191 4158 4100 4065 4033 3973 3945 3888 3861 3834 3782 3758 3735 3686 3661
6838 6794 6773 6752 6711 6689 6668 6626 6603 6576 6523 6499 6475 6434 6412 6388 6344 6322 6296 6250 6228 6199 6146 6109 6053 6028 6003 5939 5914 5885 5825 5794 5765 5708 5676 5643 5578 5547 5520 5459 5426 5395 5332 5298 5266 5195 5169 5126 5064 5034 4975 4945 4912 4841 4808 4778 4720 4690 4659 4596 4567 4536 4475 4447 4417 4357 4327 4298 4235 4200 4166 4106 4084 4042 3983 3954 3895 3867 3841 3791 3767 3744 3697 3672
6849 6803 6782 6761 6725 6704 6681 6638 6616 6592 6541 6516 6491 6451 6427 6401 6356 6334 6309 6261 6237 6206 6149 6119 6064 6039 6013 5947 5918 5889 5833 5805 5776 5717 5686 5654 5587 5556 5528 5468 5435 5405 5341 5306 5274 5203 5184 5140 5078 5049 4988 4956 4924 4851 4818 4788 4729 4699 4667 4603 4582 4541 4483 4455 4426 4364 4333 4304 4242 4209 4175 4115 4094 4053 3992 3965 3905 3876 3851 3801 3778 3756 3707 3682
6859 6812 6791 6773 6738 6715 6689 6647 6627 6605 6559 6533 6508 6467 6443 6415 6367 6344 6319 6270 6245 6216 6169 6133 6078 6051 6022 5957 5927 5898 5843 5815 5786 5727 5695 5663 5598 5568 5541 5480 5447 5415 5350 5316 5285 5217 5193 5149 5087 5059 5002 4971 4937 4866 4832 4802 4743 4715 4683 4603 4593 4549 4495 4468 4438 4372 4341 4312 4250 4217 4185 4123 4103 4066 4002 3975 3917 3888 3862 3814 3791 3766 3711 3686
6869 6826 6807 6789 6747 6722 6697 6659 6642 6621 6574 6546 6519 6477 6455 6429 6379 6355 6329 6279 6254 6227 6180 6145 6088 6060 6029 5968 5942 5914 5851 5821 5793 5737 5706 5673 5608 5580 5553 5494 5460 5427 5362 5328 5296 5232 5204 5160 5099 5071 5015 4984 4951 4882 4848 4817 4758 4727 4694 4613 4606 4562 4509 4480 4449 4385 4355 4326 4259 4226 4194 4131 4118 4079 4018 3990 3930 3902 3875 3827 3803 3777 3719 3692
6878 6842 6823 6802 6757 6732 6710 6673 6657 6639 6587 6559 6532 6488 6465 6440 6390 6366 6342 6290 6263 6236 6190 6154 6098 6068 6036 5982 5955 5926 5860 5830 5802 5747 5716 5683 5622 5593 5565 5507 5474 5440 5373 5339 5306 5241 5213 5173 5113 5083 5023 4991 4959 4894 4862 4831 4767 4734 4702 4628 4618 4579 4520 4491 4462 4399 4368 4338 4270 4237 4206 4150 4136 4097 4039 4011 3948 3917 3890 3841 3815 3788 3733 3706
6890 6855 6836 6815 6770 6748 6727 6686 6668 6650 6597 6571 6546 6499 6476 6452 6399 6373 6349 6298 6271 6242 6200 6160 6106 6077 6047 5996 5965 5936 5875 5845 5814 5753 5722 5690 5633 5606 5578 5520 5487 5453 5386 5352 5317 5249 5222 5184 5125 5094 5031 4998 4967 4908 4879 4847 4778 4743 4712 4639 4628 4595 4532 4503 4474 4410 4379 4349 4284 4252 4223 4162 4145 4108 4056 4027 3962 3934 3909 3856 3828 3803 3750 3722
6900 6866 6849 6827 6783 6763 6743 6699 6677 6655 6604 6578 6553 6508 6486 6462 6407 6379 6355 6306 6279 6249 6203 6168 6113 6084 6056 6004 5972 5943 5888 5858 5825 5762 5731 5700 5644 5617 5590 5530 5498 5465 5400 5367 5331 5261 5233 5195 5135 5103 5040 5009 4980 4923 4894 4861 4786 4750 4720 4650 4640 4608 4545 4515 4485 4422 4391 4361 4297 4265 4235 4180 4160 4127 4066 4037 3978 3951 3926 3872 3844 3818 3765 3738
6910 6873 6853 6832 6791 6772 6754 6711 6686 6662 6611 6586 6562 6516 6493 6468 6416 6390 6365 6316 6288 6258 6211 6176 6118 6091 6063 6013 5978 5950 5898 5870 5839 5777 5746 5714 5657 5631 5602 5539 5508 5477 5416 5380 5341 5278 5250 5207 5146 5115 5050 5020 4991 4933 4901 4867 4794 4761 4729 4668 4654 4619 4557 4525 4494 4432 4402 4371 4307 4275 4245 4195 4175 4133 4079 4052 3997 3970 3944 3889 3860 3833 3779 3753
6919 6876 6855 6833 6796 6779 6762 6721 6695 6670 6621 6597 6572 6524 6499 6474 6425 6399 6374 6325 6296 6267 6224 6182 6123 6096 6070 6019 5989 5960 5908 5882 5854 5794 5761 5729 5670 5643 5613 5549 5519 5490 5428 5391 5353 5290 5268 5221 5159 5129 5063 5032 5001 4938 4906 4872 4805 4771 4739 4681 4662 4626 4566 4536 4504 4442 4411 4377 4314 4284 4256 4206 4189 4149 4093 4068 4015 3987 3960 3906 3878 3851 3796 3770
6924 6886 6865 6843 6804 6784 6765 6724 6698 6673 6629 6605 6580 6529 6505 6480 6430 6405 6380 6329 6301 6274 6234 6188 6128 6101 6077 6028 6000 5972 5917 5891 5865 5809 5776 5743 5681 5652 5622 5561 5530 5500 5437 5402 5367 5306 5281 5233 5169 5137 5074 5043 5010 4945 4914 4882 4816 4780 4747 4690 4669 4631 4575 4546 4516 4453 4420 4387 4326 4296 4269 4220 4201 4165 4108 4082 4028 4000 3974 3923 3896 3869 3812 3786
6925 6892 6873 6853 6810 6786 6764 6725 6700 6675 6634 6609 6583 6533 6510 6486 6435 6412 6388 6334 6307 6279 6244 6193 6138 6113 6089 6040 6011 5982 5927 5900 5874 5820 5789 5757 5692 5662 5634 5574 5542 5509 5447 5414 5380 5310 5288 5243 5178 5144 5083 5053 5019 4954 4924 4895 4829 4794 4762 4696 4672 4640 4585 4557 4526 4464 4433 4404 4345 4313 4284 4234 4216 4190 4123 4095 4042 4017 3991 3938 3910 3882 3827 3802
6925 6893 6876 6857 6811 6787 6765 6727 6703 6680 6633 6608 6584 6539 6519 6494 6439 6415 6391 6340 6315 6287 6251 6201 6150 6126 6105 6054 6022 5994 5940 5913 5886 5830 5799 5767 5703 5673 5645 5586 5552 5517 5457 5425 5391 5322 5297 5252 5189 5156 5090 5058 5025 4962 4934 4906 4841 4807 4776 4708 4685 4653 4596 4567 4536 4476 4449 4422 4362 4329 4301 4252 4230 4197 4140 4112 4060 4035 4011 3955 3924 3895 3843 3820
6931 6896 6877 6854 6806 6784 6765 6727 6704 6681 6630 6606 6585 6542 6521 6496 6440 6414 6391 6346 6322 6295 6257 6214 6164 6138 6115 6063 6032 6007 5953 5925 5898 5841 5811 5779 5716 5684 5655 5592 5557 5524 5466 5434 5400 5329 5305 5262 5201 5168 5096 5062 5031 4971 4942 4912 4851 4819 4789 4718 4696 4664 4605 4576 4546 4492 4464 4436 4378 4346 4317 4269 4248 4213 4160 4132 4077 4052 4028 3973 3942 3912 3861 3838
6935 6895 6872 6847 6800 6782 6763 6720 6699 6677 6628 6607 6587 6542 6520 6495 6443 6419 6395 6350 6326 6299 6265 6226 6177 6148 6119 6075 6043 6017 5960 5934 5909 5853 5823 5792 5728 5696 5664 5599 5566 5535 5478 5446 5412 5340 5317 5278 5214 5181 5106 5074 5046 4984 4952 4921 4862 4831 4800 4731 4708 4677 4616 4587 4557 4505 4478 4448 4391 4363 4335 4278 4262 4227 4175 4148 4094 4068 4043 3989 3961 3933 3878 3856
6933 6887 6865 6844 6803 6783 6759 6711 6692 6672 6628 6610 6589 6546 6524 6498 6450 6425 6401 6356 6331 6303 6272 6235 6183 6155 6127 6085 6052 6022 5964 5941 5918 5864 5834 5803 5739 5707 5674 5611 5579 5549 5492 5459 5424 5352 5328 5293 5227 5193 5120 5089 5061 4999 4966 4934 4872 4839 4808 4744 4722 4692 4630 4599 4569 4515 4488 4457 4400 4373 4346 4295 4274 4238 4190 4164 4114 4087 4061 4008 3982 3954 3898 3875
6931 6882 6860 6841 6801 6779 6751 6702 6685 6664 6623 6605 6587 6549 6527 6501 6452 6428 6405 6360 6336 6309 6273 6241 6189 6163 6137 6087 6059 6030 5973 5947 5922 5871 5843 5812 5747 5715 5685 5624 5591 5561 5502 5469 5433 5365 5339 5303 5234 5199 5133 5102 5071 5008 4976 4945 4880 4847 4817 4755 4739 4705 4643 4613 4583 4526 4498 4468 4409 4382 4356 4304 4284 4252 4203 4180 4132 4107 4081 4026 4000 3974 3919 3895
6927 6882 6859 6836 6792 6768 6739 6692 6674 6655 6615 6597 6580 6544 6522 6498 6453 6431 6408 6365 6341 6314 6271 6244 6197 6174 6148 6096 6066 6037 5982 5955 5929 5878 5851 5821 5758 5727 5697 5635 5602 5572 5511 5478 5444 5374 5349 5312 5242 5207 5145 5112 5078 5014 4986 4956 4891 4860 4831 4770 4760 4712 4654 4625 4597 4538 4511 4481 4420 4392 4367 4313 4296 4269 4217 4193 4146 4122 4098 4043 4017 3991 3938 3914
6926 6883 6855 6826 6778 6754 6729 6686 6666 6647 6611 6594 6577 6539 6519 6497 6457 6436 6415 6371 6346 6318 6282 6247 6199 6174 6149 6106 6067 6039 5988 5962 5935 5883 5856 5827 5770 5738 5705 5644 5614 5584 5521 5490 5458 5387 5360 5321 5254 5222 5157 5122 5087 5025 4998 4968 4905 4876 4848 4785 4775 4722 4667 4642 4614 4554 4527 4499 4437 4407 4381 4326 4311 4290 4232 4206 4158 4138 4115 4061 4033 4006 3955 3932
6923 6877 6848 6819 6768 6745 6724 6681 6658 6639 6608 6594 6578 6542 6525 6503 6462 6443 6424 6378 6352 6324 6284 6247 6196 6172 6148 6111 6071 6044 5995 5968 5940 5888 5860 5833 5774 5741 5709 5651 5623 5594 5530 5497 5465 5393 5369 5327 5266 5236 5170 5134 5100 5038 5008 4977 4914 4889 4861 4792 4784 4741 4685 4660 4631 4568 4542 4515 4455 4425 4399 4343 4324 4305 4250 4225 4177 4155 4131 4075 4046 4017 3967 3944
6915 6865 6842 6817 6770 6747 6725 6681 6657 6637 6606 6593 6579 6548 6530 6506 6465 6449 6431 6384 6359 6331 6289 6250 6200 6176 6152 6110 6072 6046 6001 5974 5945 5894 5868 5840 5779 5748 5718 5658 5629 5602 5537 5502 5468 5404 5379 5337 5275 5245 5180 5148 5116 5052 5022 4990 4926 4899 4872 4808 4798 4760 4701 4675 4645 4583 4557 4531 4473 4444 4418 4366 4344 4319 4272 4247 4198 4172 4146 4089 4061 4033 3981 3957
6906 6857 6837 6816 6772 6749 6726 6682 6662 6642 6607 6595 6583 6550 6530 6506 6469 6455 6436 6391 6366 6338 6302 6256 6210 6185 6159 6113 6073 6048 6006 5979 5949 5901 5878 5849 5786 5757 5728 5665 5636 5612 5548 5510 5475 5412 5388 5348 5284 5253 5194 5164 5132 5069 5039 5008 4941 4910 4884 4820 4810 4773 4716 4690 4660 4603 4576 4548 4490 4462 4436 4392 4366 4333 4287 4263 4214 4186 4158 4102 4077 4053 4001 3973
6900 6853 6834 6813 6770 6747 6722 6680 6665 6649 6614 6600 6587 6552 6532 6511 6478 6462 6442 6398 6374 6344 6311 6266 6220 6193 6165 6117 6078 6055 6013 5986 5956 5908 5885 5855 5795 5766 5736 5673 5646 5620 5557 5522 5489 5421 5399 5358 5295 5267 5209 5178 5145 5086 5055 5022 4955 4925 4898 4841 4826 4786 4733 4706 4676 4621 4595 4566 4504 4477 4451 4405 4379 4347 4299 4274 4223 4196 4168 4115 4092 4067 4015 3988
6892 6847 6827 6806 6767 6745 6721 6682 6667 6652 6618 6604 6590 6556 6538 6518 6485 6467 6446 6403 6379 6350 6316 6276 6228 6198 6165 6130 6089 6066 6023 5997 5969 5918 5893 5863 5803 5773 5741 5680 5654 5627 5563 5531 5502 5435 5414 5368 5302 5277 5219 5186 5157 5099 5066 5033 4971 4941 4912 4850 4842 4801 4748 4721 4693 4639 4613 4583 4524 4497 4472 4422 4394 4364 4315 4289 4236 4210 4183 4129 4104 4078 4026 3999
6880 6841 6822 6802 6765 6745 6724 6686 6669 6650 6620 6608 6594 6560 6543 6526 6490 6470 6449 6402 6378 6352 6303 6281 6232 6202 6171 6137 6101 6077 6031 6006 5977 5926 5900 5870 5809 5777 5745 5687 5661 5633 5569 5536 5507 5452 5430 5382 5315 5288 5228 5199 5170 5111 5079 5049 4988 4954 4924 4868 4859 4815 4762 4735 4709 4658 4631 4604 4547 4520 4495 4444 4413 4375 4334 4308 4255 4228 4199 4140 4115 4090 4037 4010
6871 6833 6815 6796 6762 6745 6725 6685 6667 6648 6621 6609 6592 6558 6546 6531 6495 6475 6454 6401 6375 6352 6304 6280 6232 6208 6182 6149 6111 6085 6032 6006 5980 5929 5903 5875 5814 5782 5751 5695 5666 5637 5575 5542 5512 5461 5436 5397 5330 5300 5239 5212 5184 5122 5090 5060 4999 4967 4938 4882 4875 4832 4777 4751 4725 4675 4649 4622 4564 4536 4512 4460 4431 4403 4347 4320 4271 4244 4215 4154 4128 4103 4049 4023
6864 6825 6808 6790 6758 6741 6721 6680 6663 6646 6620 6606 6588 6557 6547 6532 6494 6475 6453 6402 6376 6353 6306 6282 6236 6214 6190 6143 6120 6094 6033 6006 5982 5933 5907 5880 5819 5788 5759 5703 5671 5639 5581 5551 5520 5464 5442 5406 5340 5311 5250 5221 5193 5131 5100 5068 5009 4982 4955 4896 4880 4852 4795 4768 4741 4693 4669 4641 4580 4552 4528 4480 4456 4418 4359 4331 4285 4260 4231 4171 4144 4117 4061 4035
6856 6817 6802 6786 6752 6732 6713 6676 6661 6646 6616 6602 6587 6559 6548 6529 6490 6470 6448 6399 6377 6354 6311 6288 6242 6219 6195 6153 6125 6100 6039 6012 5987 5937 5912 5885 5824 5794 5764 5708 5678 5647 5590 5562 5531 5473 5449 5411 5348 5322 5264 5235 5205 5145 5114 5082 5025 5000 4971 4909 4893 4869 4813 4786 4759 4713 4688 4659 4600 4572 4546 4501 4477 4434 4376 4349 4300 4275 4249 4189 4161 4134 4076 4048
6853 6815 6796 6778 6741 6720 6700 6667 6654 6644 6614 6601 6586 6556 6540 6519 6478 6460 6440 6398 6378 6360 6318 6294 6246 6223 6201 6164 6125 6102 6048 6020 5993 5938 5911 5883 5825 5796 5768 5714 5687 5659 5604 5575 5544 5479 5456 5420 5360 5335 5282 5252 5220 5159 5130 5101 5046 5019 4989 4929 4914 4888 4835 4807 4779 4728 4702 4673 4620 4592 4567 4514 4495 4454 4398 4369 4315 4290 4266 4210 4183 4156 4097 4068
6851 6808 6785 6766 6731 6712 6691 6656 6645 6634 6608 6594 6578 6543 6525 6505 6467 6450 6435 6399 6381 6364 6321 6295 6250 6230 6207 6167 6130 6106 6053 6024 5995 5938 5910 5882 5825 5799 5775 5722 5695 5667 5613 5584 5555 5496 5467 5431 5374 5349 5296 5265 5233 5173 5146 5119 5064 5035 5007 4947 4934 4904 4852 4824 4796 4742 4714 4688 4639 4612 4587 4531 4511 4475 4418 4388 4331 4305 4280 4229 4203 4174 4115 4088
6843 6800 6779 6762 6727 6705 6682 6646 6633 6621 6593 6578 6562 6526 6509 6494 6461 6445 6430 6398 6381 6364 6321 6297 6253 6233 6210 6174 6139 6113 6055 6027 6000 5946 5918 5888 5831 5806 5782 5731 5702 5675 5619 5590 5561 5502 5478 5444 5386 5361 5307 5278 5246 5189 5162 5135 5077 5048 5022 4965 4950 4918 4865 4838 4813 4758 4731 4707 4657 4629 4603 4547 4527 4496 4436 4405 4349 4323 4297 4245 4214 4181 4128 4101
