data/crater_dem/crater0096.asc
ncols         322
nrows         321
xllcorner     528.15570779356
yllcorner     1256583.0584676
cellsize      59.2252938
NODATA_value  -9999
[rows 76 to 113 of 321, columns 84 to 167 of 322]
6211 6237 6251 6263 6283 6293 6303 6323 6330 6338 6372 6387 6400 6443 6461 6482 6531 6553 6575 6620 6644 6670 6727 6752 6800 6823 6845 6894 6916 6937 6981 6996 7007 7034 7049 7063 7075 7077 7078 7078 7076 7074 7075 7073 7069 7064 7062 7057 7063 7055 7055 7064 7068 7075 7087 7109 7106 7112 7122 7146 7169 7160 7181 7186 7191 7213 7223 7206 7206 7182 7170 7152 7142 7128 7096 7079 7060 7020 7001 6959 6934 6917 6870 6851
6201 6230 6243 6254 6274 6287 6299 6321 6330 6338 6369 6386 6404 6442 6460 6483 6528 6547 6568 6620 6645 6670 6722 6749 6799 6818 6841 6888 6905 6920 6963 6977 6985 7007 7023 7035 7044 7045 7046 7044 7039 7035 7028 7026 7025 7023 7012 7007 7017 7014 7011 7020 7024 7027 7034 7062 7063 7069 7078 7110 7130 7121 7134 7141 7151 7190 7197 7187 7193 7172 7160 7141 7134 7125 7094 7080 7062 7020 6997 6952 6934 6915 6865 6845
6190 6227 6239 6247 6266 6279 6291 6314 6328 6341 6371 6389 6408 6444 6461 6483 6529 6548 6568 6620 6649 6674 6720 6746 6797 6813 6832 6879 6896 6909 6944 6959 6968 6991 7004 7012 7016 7014 7013 7006 7001 6996 6986 6982 6978 6972 6962 6957 6966 6971 6966 6973 6979 6985 6990 7016 7016 7025 7034 7070 7092 7087 7105 7116 7131 7159 7166 7163 7173 7159 7149 7130 7123 7115 7089 7071 7054 7012 6990 6949 6929 6915 6864 6843
6180 6216 6230 6241 6263 6275 6285 6309 6327 6342 6375 6392 6408 6444 6462 6483 6528 6549 6570 6624 6652 6679 6720 6744 6794 6813 6831 6871 6888 6903 6932 6944 6954 6971 6979 6985 6986 6983 6978 6970 6966 6962 6948 6941 6934 6928 6919 6915 6911 6927 6921 6924 6930 6943 6951 6973 6974 6985 6999 7029 7031 7049 7071 7087 7106 7128 7143 7137 7156 7141 7133 7117 7111 7101 7089 7060 7045 7009 6990 6950 6927 6909 6864 6844
6172 6204 6219 6232 6260 6276 6288 6312 6327 6340 6374 6389 6402 6437 6458 6478 6520 6545 6569 6625 6655 6680 6720 6743 6792 6812 6829 6860 6878 6897 6918 6926 6935 6946 6947 6948 6955 6953 6945 6929 6924 6919 6907 6899 6893 6888 6877 6874 6865 6883 6875 6876 6881 6895 6903 6912 6926 6942 6960 6984 6966 7008 7038 7054 7073 7098 7116 7113 7136 7119 7113 7106 7099 7086 7064 7055 7043 7013 6994 6951 6922 6907 6860 6843
6157 6191 6207 6220 6251 6270 6286 6315 6327 6338 6367 6381 6394 6429 6448 6469 6514 6540 6567 6621 6652 6677 6717 6741 6788 6807 6822 6847 6865 6885 6901 6908 6917 6921 6919 6920 6924 6922 6914 6895 6886 6878 6865 6857 6847 6839 6827 6825 6821 6835 6827 6836 6839 6849 6856 6868 6876 6894 6915 6944 6931 6973 7012 7029 7042 7062 7083 7087 7112 7127 7096 7099 7091 7078 7064 7057 7044 7012 6991 6945 6919 6905 6855 6841
6143 6177 6193 6209 6240 6255 6273 6308 6322 6334 6362 6376 6391 6426 6446 6469 6517 6541 6566 6616 6644 6671 6715 6739 6781 6800 6817 6844 6858 6873 6884 6890 6898 6904 6903 6900 6893 6889 6881 6862 6851 6840 6822 6813 6806 6795 6782 6778 6776 6793 6784 6793 6796 6811 6819 6826 6836 6854 6875 6902 6921 6935 6977 6996 7009 7036 7048 7055 7085 7093 7076 7078 7074 7068 7070 7053 7039 7003 6982 6936 6916 6906 6856 6843
6128 6164 6178 6194 6228 6244 6261 6294 6311 6327 6361 6378 6395 6430 6451 6475 6520 6540 6564 6612 6638 6665 6713 6736 6774 6791 6808 6838 6850 6860 6864 6869 6876 6886 6886 6878 6863 6858 6851 6829 6818 6807 6784 6775 6768 6758 6745 6741 6736 6752 6744 6744 6745 6765 6776 6788 6797 6814 6831 6866 6881 6896 6937 6959 6978 7010 7025 7029 7065 7058 7056 7058 7057 7057 7059 7040 7026 6991 6974 6935 6917 6908 6862 6850
6113 6150 6164 6180 6216 6235 6249 6276 6295 6313 6351 6372 6393 6428 6449 6473 6517 6540 6565 6611 6633 6656 6705 6732 6772 6784 6795 6824 6837 6845 6850 6854 6859 6864 6861 6851 6832 6828 6822 6800 6787 6775 6749 6738 6731 6721 6709 6704 6698 6707 6700 6697 6697 6718 6732 6750 6757 6772 6786 6825 6838 6858 6896 6919 6943 6980 6984 7000 7036 7032 7041 7045 7047 7047 7037 7025 7009 6979 6968 6933 6919 6907 6867 6853
6095 6131 6148 6164 6200 6218 6232 6259 6280 6301 6337 6359 6382 6418 6439 6462 6507 6533 6559 6607 6627 6644 6689 6718 6760 6772 6781 6809 6822 6832 6839 6842 6844 6842 6836 6828 6810 6803 6795 6769 6755 6742 6713 6700 6689 6682 6671 6666 6653 6653 6654 6655 6658 6679 6692 6705 6717 6732 6747 6776 6792 6816 6856 6875 6898 6947 6946 6965 7005 7000 7017 7024 7029 7030 7012 7005 6988 6962 6953 6919 6912 6900 6862 6848
6070 6106 6122 6139 6179 6199 6215 6248 6269 6288 6326 6349 6371 6409 6432 6456 6498 6520 6545 6598 6621 6637 6674 6698 6744 6760 6771 6792 6801 6812 6824 6826 6825 6820 6815 6806 6786 6775 6764 6738 6723 6709 6683 6668 6655 6651 6636 6629 6610 6614 6617 6621 6624 6639 6651 6651 6678 6693 6708 6732 6753 6776 6819 6839 6859 6914 6917 6914 6973 6967 6985 6993 6998 7000 6990 6980 6967 6943 6932 6901 6903 6889 6852 6839
6053 6090 6104 6118 6158 6180 6200 6238 6259 6276 6317 6340 6361 6401 6425 6448 6490 6511 6533 6582 6607 6628 6662 6680 6724 6746 6761 6777 6782 6790 6804 6804 6801 6792 6788 6781 6758 6745 6732 6706 6693 6679 6655 6641 6627 6615 6597 6590 6578 6579 6582 6588 6589 6598 6611 6612 6643 6659 6675 6685 6715 6735 6781 6806 6830 6880 6877 6882 6929 6931 6953 6963 6965 6963 6958 6955 6945 6921 6910 6888 6893 6880 6843 6832
6037 6076 6091 6106 6142 6163 6186 6227 6246 6265 6303 6325 6348 6392 6416 6438 6481 6502 6522 6562 6585 6611 6649 6664 6703 6723 6740 6762 6767 6773 6781 6780 6777 6767 6759 6750 6730 6716 6702 6672 6657 6645 6625 6612 6597 6583 6560 6552 6539 6542 6541 6544 6547 6556 6568 6577 6614 6624 6635 6639 6669 6691 6741 6770 6799 6849 6851 6849 6894 6898 6921 6928 6928 6926 6924 6927 6923 6900 6888 6875 6875 6867 6837 6825
6015 6055 6074 6093 6125 6142 6164 6207 6228 6249 6290 6311 6335 6380 6404 6428 6470 6489 6510 6545 6566 6589 6628 6645 6681 6698 6714 6743 6751 6756 6758 6756 6754 6748 6738 6728 6703 6690 6674 6639 6623 6610 6590 6577 6563 6540 6528 6519 6502 6504 6495 6496 6504 6515 6526 6540 6577 6583 6589 6593 6622 6651 6707 6736 6766 6821 6818 6823 6870 6872 6889 6897 6897 6894 6893 6898 6900 6879 6870 6859 6853 6849 6828 6817
5995 6038 6057 6076 6110 6126 6145 6184 6207 6231 6283 6304 6325 6367 6390 6414 6454 6475 6496 6534 6552 6570 6610 6632 6667 6681 6694 6724 6733 6735 6735 6734 6734 6725 6715 6704 6676 6658 6644 6611 6594 6577 6553 6542 6528 6505 6495 6485 6464 6464 6450 6452 6462 6477 6489 6511 6539 6548 6552 6551 6576 6611 6682 6710 6737 6789 6786 6795 6839 6850 6860 6874 6877 6875 6872 6875 6875 6862 6854 6840 6831 6833 6814 6805
5975 6022 6042 6060 6097 6118 6137 6171 6189 6211 6268 6293 6314 6355 6375 6397 6436 6458 6481 6521 6539 6555 6595 6619 6654 6667 6680 6705 6713 6715 6717 6717 6714 6700 6686 6675 6646 6629 6613 6584 6566 6548 6522 6510 6497 6468 6456 6445 6430 6411 6414 6414 6423 6442 6456 6474 6510 6524 6530 6537 6553 6586 6658 6684 6709 6759 6755 6768 6813 6817 6833 6852 6857 6858 6870 6853 6852 6844 6840 6822 6814 6813 6794 6790
5955 6002 6025 6043 6082 6103 6124 6161 6177 6194 6246 6274 6299 6338 6357 6378 6419 6442 6464 6502 6519 6536 6576 6598 6634 6651 6664 6684 6694 6700 6702 6699 6696 6678 6665 6653 6623 6604 6587 6558 6543 6526 6494 6479 6464 6433 6418 6407 6392 6363 6378 6380 6390 6412 6424 6444 6481 6499 6513 6540 6553 6581 6638 6660 6682 6734 6732 6746 6783 6793 6803 6823 6830 6833 6843 6827 6827 6821 6819 6807 6796 6795 6780 6775
5939 5982 6005 6026 6066 6085 6107 6149 6165 6181 6230 6256 6280 6318 6337 6359 6404 6425 6446 6484 6500 6517 6562 6579 6613 6631 6643 6661 6673 6681 6680 6678 6676 6659 6647 6633 6598 6580 6563 6534 6519 6502 6467 6447 6430 6400 6385 6370 6351 6327 6339 6347 6359 6383 6395 6407 6450 6471 6492 6528 6549 6573 6619 6638 6659 6712 6713 6724 6756 6772 6778 6793 6796 6799 6805 6806 6802 6790 6790 6789 6790 6792 6777 6772
5922 5963 5986 6009 6052 6069 6087 6131 6149 6165 6213 6237 6259 6302 6323 6346 6388 6405 6422 6466 6484 6501 6543 6562 6595 6610 6621 6638 6651 6659 6659 6657 6653 6639 6626 6609 6569 6552 6536 6508 6494 6477 6441 6420 6400 6371 6355 6339 6316 6293 6297 6313 6328 6354 6370 6386 6429 6449 6471 6509 6532 6553 6600 6620 6639 6674 6693 6699 6743 6754 6762 6763 6757 6758 6780 6785 6778 6761 6764 6770 6779 6786 6775 6771
5899 5947 5968 5991 6035 6051 6066 6111 6134 6154 6199 6221 6241 6285 6308 6331 6371 6385 6400 6444 6463 6482 6522 6541 6575 6589 6601 6619 6630 6639 6640 6634 6628 6618 6604 6583 6538 6522 6509 6484 6470 6453 6416 6393 6375 6345 6328 6310 6282 6256 6257 6280 6296 6328 6347 6371 6412 6432 6454 6491 6513 6535 6583 6605 6624 6655 6673 6687 6723 6736 6750 6736 6728 6730 6743 6762 6762 6755 6757 6761 6767 6773 6768 6766
5882 5934 5955 5976 6016 6030 6046 6095 6120 6142 6190 6210 6229 6268 6289 6311 6353 6370 6387 6428 6447 6464 6503 6522 6555 6569 6584 6602 6609 6615 6618 6612 6606 6596 6582 6560 6509 6493 6482 6459 6445 6430 6390 6369 6352 6318 6302 6286 6248 6229 6228 6254 6271 6310 6331 6359 6395 6414 6437 6475 6503 6524 6566 6587 6609 6644 6661 6667 6709 6717 6718 6721 6718 6721 6737 6744 6750 6756 6756 6758 6762 6768 6764 6760
5865 5915 5937 5957 5998 6013 6030 6081 6104 6126 6174 6194 6210 6250 6272 6294 6338 6358 6376 6412 6431 6450 6489 6505 6536 6550 6563 6580 6587 6593 6598 6595 6588 6575 6561 6541 6493 6475 6461 6433 6419 6406 6368 6348 6331 6295 6281 6267 6230 6214 6216 6240 6257 6299 6320 6342 6379 6400 6423 6463 6492 6514 6552 6573 6595 6633 6647 6658 6689 6697 6693 6711 6715 6719 6729 6732 6736 6743 6747 6752 6758 6764 6757 6751
5850 5897 5918 5937 5980 6003 6025 6069 6089 6108 6156 6174 6186 6228 6253 6275 6322 6344 6364 6393 6409 6430 6471 6487 6517 6529 6540 6558 6567 6573 6580 6576 6568 6553 6541 6525 6487 6467 6448 6415 6399 6382 6343 6325 6310 6278 6263 6248 6215 6215 6214 6236 6253 6296 6318 6331 6373 6397 6421 6453 6484 6506 6546 6566 6588 6622 6636 6647 6669 6676 6673 6695 6701 6705 6715 6718 6719 6727 6733 6749 6757 6759 6752 6747
5839 5884 5906 5924 5966 5994 6018 6053 6068 6086 6135 6154 6169 6207 6232 6256 6303 6325 6345 6375 6391 6410 6451 6467 6497 6511 6522 6541 6549 6554 6560 6558 6551 6533 6521 6508 6474 6454 6434 6399 6381 6362 6321 6305 6291 6262 6249 6235 6214 6217 6225 6243 6262 6304 6326 6347 6377 6400 6426 6463 6489 6509 6543 6563 6585 6619 6629 6636 6661 6666 6665 6679 6681 6683 6692 6698 6703 6711 6721 6745 6750 6751 6751 6748
5829 5872 5892 5913 5953 5975 5994 6022 6037 6054 6100 6123 6143 6181 6205 6229 6281 6302 6321 6360 6378 6396 6432 6448 6478 6492 6504 6523 6529 6532 6538 6539 6535 6515 6502 6489 6456 6437 6418 6384 6367 6348 6310 6292 6274 6245 6234 6224 6219 6225 6226 6253 6274 6315 6334 6355 6386 6408 6434 6474 6499 6517 6547 6565 6586 6622 6633 6639 6656 6662 6661 6669 6668 6668 6676 6683 6690 6702 6710 6734 6744 6748 6747 6744
5825 5866 5886 5905 5936 5948 5959 5980 5995 6014 6057 6077 6101 6148 6172 6197 6253 6277 6299 6347 6367 6383 6413 6430 6461 6473 6484 6502 6507 6510 6517 6518 6515 6497 6485 6473 6439 6420 6405 6375 6357 6338 6298 6279 6260 6235 6228 6222 6230 6235 6238 6265 6283 6325 6345 6372 6401 6423 6447 6484 6508 6526 6557 6572 6591 6623 6632 6642 6654 6658 6649 6662 6661 6660 6666 6675 6683 6701 6709 6726 6741 6748 6743 6743
5821 5863 5881 5895 5914 5921 5925 5936 5950 5968 6011 6030 6053 6108 6135 6163 6224 6252 6279 6333 6355 6370 6398 6414 6445 6455 6463 6483 6491 6496 6501 6499 6496 6483 6473 6460 6427 6411 6396 6365 6347 6328 6289 6270 6253 6237 6231 6226 6240 6246 6257 6280 6294 6335 6356 6388 6416 6440 6461 6490 6516 6535 6568 6581 6595 6624 6634 6640 6653 6652 6641 6651 6652 6653 6664 6670 6678 6703 6710 6725 6742 6745 6743 6741
5811 5853 5866 5872 5880 5883 5883 5886 5898 5914 5963 5985 6008 6065 6095 6128 6192 6220 6251 6311 6332 6352 6381 6396 6426 6435 6444 6464 6473 6479 6486 6485 6483 6472 6462 6448 6421 6406 6391 6359 6341 6324 6287 6268 6253 6242 6237 6233 6254 6261 6274 6296 6307 6347 6369 6405 6428 6451 6470 6502 6521 6541 6572 6583 6596 6626 6635 6639 6650 6650 6649 6645 6648 6652 6663 6669 6677 6697 6706 6723 6733 6740 6741 6736
5796 5833 5841 5841 5836 5833 5829 5829 5840 5859 5911 5936 5962 6022 6055 6091 6157 6187 6217 6279 6306 6326 6360 6376 6406 6417 6427 6448 6455 6459 6470 6473 6472 6461 6452 6439 6413 6399 6385 6358 6341 6324 6288 6270 6256 6246 6244 6243 6271 6279 6292 6315 6327 6362 6384 6420 6440 6460 6477 6508 6524 6544 6573 6583 6597 6625 6635 6635 6645 6648 6647 6647 6651 6657 6665 6671 6679 6694 6702 6717 6735 6731 6737 6733
5779 5807 5810 5807 5791 5782 5775 5768 5777 5796 5850 5878 5908 5972 6007 6045 6121 6154 6186 6250 6282 6306 6342 6361 6390 6403 6414 6433 6440 6446 6456 6458 6458 6450 6443 6433 6408 6395 6381 6357 6343 6325 6291 6275 6262 6257 6258 6260 6287 6297 6310 6336 6349 6382 6399 6426 6453 6471 6484 6512 6528 6546 6575 6588 6601 6624 6632 6636 6645 6645 6644 6644 6650 6657 6669 6675 6682 6692 6697 6709 6730 6732 6733 6733
5762 5783 5781 5771 5743 5729 5719 5710 5716 5732 5790 5824 5859 5929 5965 6005 6084 6120 6157 6226 6260 6286 6324 6343 6372 6386 6398 6416 6424 6432 6441 6441 6440 6435 6431 6423 6402 6391 6378 6356 6341 6324 6298 6287 6278 6276 6280 6283 6302 6311 6328 6356 6370 6400 6415 6440 6463 6480 6492 6515 6531 6546 6573 6586 6598 6617 6628 6631 6638 6638 6638 6638 6641 6649 6671 6678 6684 6693 6697 6704 6722 6726 6726 6730
5746 5763 5758 5744 5705 5686 5671 5653 5658 5677 5747 5784 5819 5893 5933 5976 6056 6093 6132 6204 6238 6267 6305 6325 6356 6368 6379 6399 6408 6416 6428 6430 6429 6425 6420 6411 6392 6384 6375 6352 6338 6325 6308 6299 6292 6293 6297 6303 6319 6329 6342 6373 6387 6415 6428 6450 6471 6485 6497 6520 6532 6541 6566 6579 6588 6607 6623 6623 6630 6633 6634 6639 6640 6645 6670 6680 6685 6694 6698 6706 6720 6720 6717 6720
5732 5744 5737 5720 5674 5651 5629 5593 5598 5623 5705 5744 5783 5864 5906 5951 6036 6075 6114 6187 6222 6252 6293 6310 6336 6349 6361 6383 6392 6401 6416 6420 6421 6417 6410 6402 6383 6376 6368 6345 6334 6325 6310 6304 6299 6299 6305 6312 6338 6343 6353 6383 6399 6425 6439 6459 6477 6490 6503 6527 6531 6536 6559 6572 6582 6598 6612 6615 6625 6626 6625 6641 6642 6649 6666 6675 6681 6687 6691 6700 6713 6714 6711 6712
5714 5724 5717 5701 5649 5619 5589 5546 5550 5576 5665 5708 5753 5840 5881 5926 6018 6060 6101 6175 6209 6239 6277 6293 6318 6330 6343 6363 6372 6380 6397 6403 6405 6399 6394 6390 6375 6368 6359 6341 6333 6326 6309 6305 6296 6304 6309 6316 6340 6354 6361 6391 6405 6428 6441 6466 6476 6491 6504 6522 6528 6534 6556 6568 6575 6587 6604 6610 6618 6618 6622 6637 6639 6641 6656 6663 6670 6679 6681 6687 6705 6707 6703 6704
5691 5706 5704 5691 5641 5609 5580 5539 5537 5556 5641 5687 5734 5824 5866 5910 6002 6045 6086 6164 6196 6224 6259 6275 6300 6312 6325 6344 6349 6357 6375 6383 6386 6381 6379 6375 6363 6356 6348 6336 6330 6322 6308 6306 6298 6309 6316 6323 6351 6362 6368 6397 6410 6430 6443 6472 6476 6491 6508 6526 6528 6536 6554 6565 6572 6580 6593 6601 6610 6610 6614 6627 6633 6636 6647 6652 6659 6672 6675 6678 6693 6698 6692 6696
5666 5691 5693 5687 5647 5621 5595 5556 5551 5563 5634 5677 5723 5815 5859 5903 5990 6033 6076 6154 6184 6208 6239 6253 6279 6291 6304 6324 6327 6334 6357 6365 6369 6370 6369 6364 6352 6344 6338 6328 6323 6316 6308 6306 6301 6312 6320 6329 6363 6369 6372 6401 6416 6439 6449 6478 6482 6496 6514 6526 6530 6537 6551 6558 6566 6572 6586 6584 6603 6600 6596 6618 6624 6629 6639 6644 6651 6665 6668 6672 6684 6687 6682 6686
5644 5678 5686 5686 5662 5641 5621 5589 5584 5592 5649 5686 5726 5814 5859 5903 5988 6029 6071 6144 6173 6192 6218 6231 6259 6270 6282 6304 6308 6314 6337 6345 6350 6348 6349 6348 6340 6333 6328 6320 6316 6313 6308 6306 6302 6316 6325 6335 6369 6376 6376 6404 6421 6446 6457 6483 6488 6500 6514 6530 6532 6537 6544 6548 6552 6563 6574 6572 6592 6586 6588 6605 6612 6623 6630 6634 6639 6651 6654 6663 6674 6679 6672 6676
5622 5664 5679 5687 5679 5665 5652 5633 5630 5635 5679 5712 5749 5827 5869 5910 5990 6030 6069 6135 6159 6174 6197 6211 6239 6252 6262 6282 6288 6294 6316 6323 6326 6318 6316 6319 6322 6320 6317 6311 6310 6309 6306 6304 6301 6321 6330 6338 6371 6381 6376 6404 6424 6449 6460 6485 6489 6499 6511 6525 6533 6535 6536 6538 6543 6555 6558 6555 6582 6585 6584 6592 6600 6609 6617 6619 6624 6635 6639 6652 6660 6667 6665 6669
