data/crater_dem/crater0096.asc
ncols         322
nrows         321
xllcorner     528.15570779356
yllcorner     1256583.0584676
cellsize      59.2252938
NODATA_value  -9999
[rows 228 to 265 of 321, columns 84 to 167 of 322]
4931 4972 4984 4997 5039 5063 5086 5125 5141 5157 5200 5221 5238 5275 5292 5306 5340 5360 5378 5410 5425 5441 5472 5485 5502 5509 5519 5543 5553 5564 5592 5606 5621 5658 5681 5704 5744 5758 5774 5816 5833 5857 5894 5915 5937 5978 5998 6017 6043 6055 6068 6084 6093 6112 6120 6127 6136 6141 6145 6148 6148 6147 6138 6134 6133 6126 6119 6111 6085 6083 6067 6045 6040 6035 6021 6015 6011 6006 6002 5991 5983 5977 5958 5958
4937 4976 4990 5006 5047 5069 5091 5127 5141 5155 5202 5225 5242 5279 5298 5313 5347 5369 5390 5424 5440 5455 5483 5495 5511 5521 5532 5555 5567 5581 5610 5623 5636 5673 5696 5717 5760 5774 5790 5828 5847 5867 5906 5924 5944 5989 6010 6028 6055 6068 6077 6097 6105 6120 6129 6136 6145 6149 6153 6156 6156 6153 6146 6143 6140 6120 6113 6108 6091 6085 6066 6044 6041 6038 6027 6020 6017 6015 6011 5995 5990 5982 5965 5965
4940 4977 4997 5014 5048 5070 5093 5129 5144 5160 5209 5231 5249 5287 5306 5322 5360 5381 5399 5433 5449 5464 5493 5502 5518 5531 5544 5569 5582 5598 5627 5640 5654 5691 5712 5731 5772 5790 5805 5839 5858 5881 5918 5936 5954 5999 6019 6035 6063 6076 6090 6103 6111 6124 6132 6140 6152 6155 6155 6155 6155 6153 6149 6146 6139 6117 6109 6104 6087 6086 6074 6051 6043 6040 6027 6021 6019 6018 6014 5999 5991 5985 5973 5970
4946 4983 5003 5019 5051 5073 5095 5132 5150 5171 5218 5236 5250 5292 5312 5329 5370 5389 5406 5439 5455 5467 5495 5508 5526 5541 5555 5583 5598 5611 5640 5653 5668 5707 5728 5745 5784 5803 5819 5850 5870 5888 5931 5951 5971 6012 6029 6043 6073 6084 6097 6110 6120 6134 6141 6145 6161 6156 6154 6151 6150 6147 6145 6143 6136 6120 6113 6105 6086 6083 6072 6051 6045 6042 6028 6023 6021 6019 6017 6004 5988 5987 5979 5976
4954 4989 5008 5025 5061 5082 5103 5135 5150 5168 5219 5234 5246 5291 5317 5337 5373 5391 5409 5448 5462 5471 5495 5509 5536 5550 5564 5594 5609 5625 5654 5668 5683 5722 5740 5756 5796 5817 5835 5867 5886 5899 5947 5967 5989 6022 6035 6049 6081 6092 6105 6120 6130 6144 6147 6149 6160 6157 6157 6152 6146 6138 6136 6135 6130 6117 6109 6101 6083 6079 6066 6054 6047 6042 6032 6028 6024 6018 6016 6001 5982 5982 5985 5981
4961 4995 5012 5031 5069 5089 5110 5143 5155 5169 5218 5236 5250 5296 5322 5342 5374 5390 5409 5450 5466 5480 5505 5519 5548 5563 5577 5607 5623 5638 5669 5683 5699 5734 5751 5768 5811 5832 5851 5886 5905 5914 5962 5980 5998 6025 6038 6052 6084 6098 6110 6125 6132 6143 6144 6143 6156 6154 6155 6150 6141 6132 6129 6127 6125 6111 6102 6094 6073 6077 6063 6050 6046 6046 6031 6026 6022 6017 6012 5997 5992 5985 5988 5984
4971 5001 5018 5037 5072 5091 5111 5149 5165 5182 5223 5240 5256 5299 5324 5344 5376 5393 5412 5451 5469 5486 5518 5532 5560 5574 5588 5619 5634 5647 5674 5693 5711 5744 5762 5782 5826 5843 5858 5894 5915 5928 5973 5987 6001 6028 6043 6060 6090 6103 6116 6126 6132 6140 6137 6135 6149 6147 6148 6143 6135 6130 6126 6121 6117 6104 6095 6087 6066 6070 6058 6045 6044 6040 6018 6016 6016 6014 6010 5996 5987 5986 5988 5985
4984 5013 5029 5047 5078 5095 5111 5146 5164 5184 5223 5242 5259 5297 5321 5343 5378 5397 5419 5456 5473 5492 5524 5538 5567 5579 5592 5622 5638 5653 5683 5702 5721 5753 5770 5791 5836 5854 5869 5903 5923 5942 5981 5996 6009 6035 6049 6066 6095 6106 6120 6127 6133 6138 6134 6132 6143 6141 6139 6132 6124 6119 6117 6110 6103 6090 6082 6073 6060 6057 6048 6040 6037 6032 6014 6015 6016 6013 6008 5996 5985 5981 5988 5987
4994 5023 5037 5054 5084 5099 5116 5147 5164 5183 5223 5242 5259 5297 5320 5341 5381 5402 5425 5459 5475 5493 5522 5536 5570 5583 5595 5625 5641 5658 5694 5713 5731 5761 5779 5801 5845 5863 5881 5918 5936 5953 5984 5999 6016 6044 6055 6069 6096 6106 6120 6124 6129 6134 6131 6129 6138 6131 6127 6118 6111 6106 6103 6098 6093 6078 6067 6058 6046 6052 6031 6032 6029 6024 6016 6015 6015 6009 6003 5993 5987 5987 5991 5988
4998 5027 5043 5060 5093 5111 5128 5159 5175 5192 5226 5242 5259 5303 5324 5342 5383 5406 5427 5457 5473 5492 5518 5530 5570 5588 5601 5633 5648 5662 5698 5717 5736 5770 5792 5814 5848 5864 5884 5927 5945 5957 5983 5997 6016 6049 6062 6075 6098 6108 6116 6119 6123 6126 6125 6124 6132 6116 6107 6101 6097 6092 6086 6083 6079 6064 6052 6042 6035 6034 6022 6020 6016 6011 6009 6005 6002 5999 5996 5993 5987 5991 5991 5987
5005 5036 5052 5069 5105 5123 5141 5171 5185 5198 5230 5243 5259 5303 5325 5343 5382 5403 5421 5455 5474 5492 5521 5533 5573 5593 5609 5641 5654 5668 5701 5721 5739 5779 5803 5824 5854 5869 5888 5928 5947 5962 5987 6000 6017 6052 6066 6080 6098 6106 6114 6113 6117 6121 6121 6120 6111 6105 6095 6084 6079 6074 6064 6059 6054 6044 6035 6026 6019 6025 6015 6010 6006 6001 5999 5994 5989 5991 5994 5997 5990 5991 5989 5987
5017 5047 5062 5078 5115 5134 5151 5177 5189 5203 5235 5249 5264 5299 5320 5340 5376 5394 5412 5453 5472 5489 5525 5544 5579 5596 5614 5640 5654 5672 5708 5726 5745 5783 5806 5827 5859 5875 5893 5928 5945 5966 5993 6006 6022 6055 6068 6080 6093 6098 6110 6104 6109 6114 6114 6111 6098 6096 6088 6070 6062 6058 6043 6033 6027 6026 6022 6015 6006 6004 5999 6004 5996 5991 5988 5985 5981 5986 5992 5998 5990 5993 5989 5993
5026 5060 5074 5090 5126 5146 5165 5191 5203 5214 5244 5259 5274 5301 5318 5339 5374 5390 5410 5449 5463 5479 5524 5548 5585 5601 5618 5644 5659 5678 5713 5732 5751 5788 5808 5825 5860 5878 5895 5929 5946 5964 5996 6010 6024 6050 6063 6073 6086 6090 6101 6097 6102 6107 6105 6099 6085 6084 6077 6060 6051 6042 6025 6015 6008 6007 6006 6003 5995 5984 5988 5990 5984 5979 5977 5975 5972 5975 5979 5989 5993 5992 5997 6004
5032 5070 5090 5110 5143 5162 5182 5211 5221 5231 5254 5269 5283 5308 5323 5340 5375 5391 5410 5447 5460 5476 5524 5548 5588 5604 5620 5651 5669 5685 5718 5736 5754 5794 5812 5825 5860 5879 5896 5928 5943 5961 5999 6014 6024 6044 6056 6067 6081 6085 6097 6094 6098 6102 6097 6088 6072 6069 6064 6049 6035 6022 6008 6001 5992 5986 5985 5986 5976 5961 5977 5974 5967 5968 5961 5960 5959 5959 5965 5978 5990 5994 6002 6009
5038 5077 5102 5126 5162 5178 5196 5225 5236 5245 5266 5279 5292 5316 5328 5342 5375 5392 5412 5448 5463 5481 5526 5547 5586 5604 5621 5657 5674 5690 5724 5741 5757 5797 5815 5825 5859 5880 5896 5926 5952 5959 5998 6011 6023 6040 6049 6059 6076 6080 6089 6089 6093 6093 6084 6074 6052 6050 6048 6036 6024 6011 5996 5988 5979 5970 5971 5972 5950 5960 5962 5965 5959 5956 5949 5946 5944 5944 5953 5970 5987 5995 6003 6010
5048 5087 5112 5136 5173 5187 5203 5235 5248 5259 5279 5290 5302 5323 5331 5338 5370 5393 5415 5451 5468 5487 5528 5547 5585 5603 5623 5662 5679 5694 5726 5744 5761 5801 5820 5832 5862 5880 5897 5927 5947 5956 5989 6001 6014 6036 6045 6054 6071 6075 6081 6082 6084 6083 6075 6066 6058 6042 6037 6024 6015 6006 5986 5979 5973 5961 5960 5961 5952 5952 5958 5963 5963 5961 5950 5945 5941 5939 5948 5970 5991 5993 6006 6014
5059 5102 5126 5149 5183 5197 5213 5246 5260 5270 5289 5299 5310 5332 5337 5340 5372 5397 5420 5456 5476 5495 5535 5554 5591 5609 5628 5665 5681 5697 5726 5743 5763 5801 5822 5839 5867 5882 5899 5930 5948 5953 5982 5992 6003 6028 6040 6051 6068 6071 6069 6076 6075 6074 6069 6061 6045 6039 6030 6010 6004 5996 5975 5969 5965 5955 5954 5956 5954 5952 5957 5959 5962 5963 5953 5949 5946 5944 5953 5972 5987 5996 6011 6018
5074 5120 5145 5166 5197 5213 5231 5261 5272 5280 5301 5312 5322 5344 5350 5356 5386 5406 5424 5461 5481 5501 5543 5562 5596 5615 5634 5671 5686 5702 5731 5747 5765 5800 5821 5839 5868 5885 5900 5929 5948 5948 5980 5989 5998 6020 6033 6044 6064 6066 6062 6067 6067 6064 6061 6054 6041 6034 6023 6000 5992 5983 5966 5962 5961 5956 5955 5954 5950 5951 5947 5957 5953 5958 5955 5953 5951 5951 5956 5971 5988 5992 6015 6023
5092 5136 5161 5181 5210 5228 5249 5278 5285 5294 5318 5328 5339 5359 5364 5371 5399 5414 5428 5467 5488 5506 5547 5567 5597 5616 5637 5675 5692 5708 5740 5754 5770 5803 5820 5835 5870 5888 5901 5924 5944 5946 5978 5987 5994 6014 6026 6036 6054 6061 6062 6061 6060 6058 6056 6052 6038 6032 6021 5998 5987 5976 5964 5962 5961 5956 5954 5951 5956 5949 5954 5947 5950 5955 5956 5953 5950 5951 5955 5968 5987 5990 6018 6028
5107 5151 5174 5193 5223 5240 5261 5294 5302 5310 5331 5341 5352 5371 5376 5381 5407 5423 5439 5475 5496 5515 5553 5572 5604 5624 5644 5679 5697 5715 5749 5763 5777 5808 5822 5835 5871 5888 5900 5924 5936 5943 5977 5986 5995 6013 6023 6032 6049 6057 6062 6062 6062 6057 6054 6050 6031 6029 6019 5998 5987 5977 5969 5966 5961 5954 5952 5949 5951 5951 5948 5944 5946 5948 5954 5952 5949 5950 5953 5967 5985 5987 6014 6028
5119 5165 5186 5204 5235 5251 5271 5306 5317 5326 5343 5352 5363 5385 5392 5397 5416 5432 5449 5480 5499 5520 5560 5578 5615 5634 5653 5687 5704 5721 5755 5772 5786 5812 5825 5838 5872 5887 5898 5923 5931 5935 5976 5986 5996 6017 6024 6032 6049 6055 6059 6065 6062 6055 6051 6046 6029 6022 6012 5994 5985 5977 5965 5960 5956 5954 5955 5953 5954 5953 5954 5947 5943 5945 5953 5954 5952 5953 5954 5964 5980 5975 6011 6026
5139 5181 5200 5217 5250 5267 5286 5320 5333 5343 5359 5366 5375 5397 5408 5416 5431 5444 5457 5488 5504 5524 5564 5581 5618 5636 5654 5690 5709 5726 5759 5775 5789 5816 5828 5842 5875 5889 5898 5923 5932 5938 5972 5981 5993 6018 6024 6029 6045 6051 6056 6062 6059 6049 6046 6041 6021 6013 6001 5988 5985 5977 5958 5952 5948 5949 5954 5956 5959 5953 5954 5948 5949 5950 5954 5954 5954 5956 5955 5961 5973 5983 6012 6025
5161 5201 5222 5238 5272 5290 5307 5339 5352 5362 5377 5383 5390 5407 5416 5426 5447 5457 5469 5497 5513 5529 5566 5584 5620 5637 5654 5694 5714 5732 5761 5775 5789 5820 5834 5850 5881 5893 5900 5925 5936 5954 5971 5980 5994 6016 6020 6024 6039 6044 6050 6049 6053 6045 6041 6023 6019 6009 5999 5987 5984 5978 5955 5945 5936 5933 5944 5953 5955 5950 5954 5947 5950 5950 5952 5953 5952 5952 5954 5963 5979 5986 6010 6024
5180 5220 5243 5261 5295 5312 5328 5358 5371 5380 5396 5402 5408 5422 5429 5437 5460 5472 5482 5508 5524 5542 5576 5594 5627 5644 5661 5701 5721 5739 5768 5780 5793 5825 5843 5860 5891 5902 5911 5931 5951 5956 5975 5987 5999 6015 6018 6021 6032 6036 6043 6043 6047 6041 6036 6030 6012 6007 5997 5982 5979 5974 5950 5939 5931 5935 5944 5950 5954 5952 5952 5952 5949 5949 5950 5949 5948 5948 5952 5966 5975 5989 6012 6022
5202 5242 5263 5283 5315 5333 5349 5378 5388 5397 5413 5420 5427 5441 5447 5451 5470 5484 5497 5523 5539 5558 5591 5607 5637 5654 5673 5713 5729 5744 5777 5792 5804 5832 5849 5867 5898 5910 5920 5942 5957 5964 5980 5991 6001 6016 6019 6022 6030 6031 6032 6035 6041 6034 6028 6021 6011 6005 5993 5976 5973 5971 5953 5942 5938 5944 5949 5950 5946 5947 5949 5940 5945 5947 5948 5948 5947 5947 5950 5964 5980 5987 6010 6017
5226 5267 5287 5306 5339 5354 5369 5395 5405 5413 5431 5440 5448 5460 5463 5466 5481 5495 5510 5534 5549 5568 5602 5617 5647 5662 5684 5724 5736 5746 5780 5800 5815 5841 5854 5869 5900 5912 5922 5948 5961 5972 5989 5999 6007 6018 6019 6021 6029 6028 6025 6028 6032 6023 6017 6007 6007 6002 5991 5975 5972 5971 5959 5949 5944 5946 5947 5946 5949 5945 5946 5943 5943 5942 5945 5944 5946 5952 5953 5963 5980 5987 6008 6013
5250 5290 5310 5329 5361 5376 5390 5415 5425 5432 5450 5460 5467 5471 5473 5479 5493 5506 5519 5534 5548 5570 5612 5626 5658 5674 5692 5730 5744 5755 5787 5805 5821 5849 5861 5875 5903 5914 5924 5953 5964 5977 5995 6004 6013 6021 6022 6024 6029 6029 6024 6024 6026 6018 6012 6000 6004 6000 5993 5977 5973 5969 5959 5952 5946 5943 5943 5943 5945 5945 5944 5943 5945 5945 5943 5942 5946 5957 5958 5963 5975 5985 6008 6019
5271 5314 5334 5351 5383 5398 5410 5437 5447 5454 5471 5479 5484 5484 5487 5493 5507 5517 5528 5534 5546 5570 5621 5638 5671 5686 5701 5735 5752 5768 5799 5814 5829 5856 5870 5885 5910 5918 5927 5957 5970 5982 5998 6006 6014 6027 6030 6031 6033 6031 6028 6024 6025 6018 6013 6002 5997 6002 5996 5980 5974 5968 5957 5951 5947 5943 5943 5943 5944 5946 5945 5943 5948 5949 5946 5946 5949 5957 5955 5956 5965 5976 6006 6024
5294 5339 5359 5377 5406 5418 5431 5460 5470 5476 5490 5497 5502 5506 5509 5515 5527 5537 5548 5557 5566 5584 5631 5648 5676 5692 5709 5743 5760 5776 5806 5822 5836 5862 5878 5895 5918 5924 5933 5961 5978 5989 6006 6013 6019 6031 6035 6036 6033 6026 6021 6027 6024 6017 6013 5999 5992 5998 5992 5980 5973 5965 5952 5949 5947 5942 5941 5942 5941 5944 5943 5944 5947 5950 5950 5951 5955 5954 5950 5947 5952 5967 6005 6025
5320 5365 5385 5405 5433 5443 5455 5482 5491 5496 5512 5518 5522 5530 5534 5540 5553 5562 5574 5590 5598 5611 5647 5662 5685 5700 5719 5753 5769 5784 5812 5826 5841 5869 5886 5902 5925 5934 5944 5972 5986 5996 6012 6020 6026 6036 6039 6040 6034 6027 6030 6030 6029 6020 6014 6006 5991 5995 5987 5975 5969 5961 5949 5945 5943 5937 5935 5937 5935 5941 5941 5940 5948 5950 5954 5958 5961 5955 5950 5946 5950 5958 6003 6021
5346 5392 5415 5435 5463 5472 5483 5503 5510 5518 5537 5542 5546 5552 5557 5564 5580 5588 5597 5616 5625 5637 5667 5681 5703 5716 5731 5762 5776 5791 5818 5832 5847 5878 5891 5905 5927 5938 5952 5980 5990 6002 6018 6028 6036 6044 6044 6043 6040 6036 6038 6033 6038 6024 6018 6007 5993 5997 5987 5971 5965 5959 5949 5945 5942 5937 5936 5934 5935 5935 5935 5942 5947 5948 5958 5962 5962 5952 5951 5953 5956 5964 6000 6014
5373 5421 5441 5460 5488 5501 5513 5528 5536 5545 5562 5568 5572 5577 5581 5588 5606 5612 5617 5636 5650 5663 5690 5700 5720 5730 5741 5768 5782 5796 5823 5836 5848 5879 5894 5908 5933 5944 5956 5983 5997 6007 6026 6037 6045 6050 6049 6048 6048 6046 6040 6035 6036 6018 6015 6014 5996 5997 5986 5971 5963 5958 5950 5945 5941 5941 5940 5937 5930 5933 5933 5938 5943 5938 5957 5960 5957 5950 5953 5965 5966 5974 6002 6017
5398 5441 5457 5471 5499 5515 5530 5553 5564 5573 5584 5589 5594 5602 5607 5613 5630 5636 5639 5657 5671 5684 5709 5717 5734 5743 5752 5774 5786 5800 5829 5840 5850 5877 5892 5907 5935 5946 5958 5988 5997 6016 6034 6041 6049 6055 6054 6055 6055 6054 6045 6046 6029 6012 6013 6016 5999 5995 5985 5971 5963 5956 5946 5940 5936 5937 5938 5938 5933 5938 5935 5938 5944 5946 5955 5959 5962 5960 5964 5978 5986 5993 6010 6024
5415 5448 5457 5465 5483 5502 5525 5568 5586 5596 5604 5607 5611 5624 5632 5639 5654 5659 5663 5678 5690 5704 5728 5734 5751 5760 5769 5787 5796 5808 5835 5845 5856 5884 5897 5908 5933 5947 5962 5993 6001 6024 6041 6046 6051 6060 6063 6062 6054 6055 6049 6046 6031 6021 6020 6015 5998 5994 5984 5969 5962 5955 5944 5938 5935 5934 5934 5933 5935 5893 5929 5937 5942 5945 5961 5968 5972 5976 5978 5992 5998 6004 6024 6035
5427 5442 5438 5434 5444 5469 5503 5572 5598 5615 5628 5631 5634 5647 5656 5664 5677 5683 5687 5704 5716 5727 5748 5755 5771 5780 5790 5810 5817 5826 5846 5855 5868 5898 5910 5920 5939 5953 5970 6001 6004 6027 6044 6051 6055 6063 6067 6063 6050 6054 6055 6049 6033 6028 6024 6013 5996 5993 5983 5965 5958 5953 5942 5939 5935 5931 5930 5931 5932 5926 5925 5938 5940 5943 5963 5972 5978 5985 5991 6005 6014 6022 6036 6049
5435 5426 5408 5397 5414 5447 5487 5571 5607 5633 5654 5657 5661 5673 5681 5689 5702 5707 5712 5731 5741 5748 5764 5772 5787 5795 5806 5831 5840 5847 5861 5869 5882 5912 5923 5932 5948 5958 5974 6006 6008 6030 6047 6055 6061 6067 6068 6064 6059 6063 6059 6038 6035 6030 6023 6014 5997 5989 5978 5958 5953 5948 5943 5939 5935 5931 5932 5934 5931 5933 5932 5937 5942 5946 5959 5969 5978 5994 6003 6018 6029 6032 6045 6056
5440 5405 5381 5368 5400 5439 5481 5570 5615 5649 5681 5684 5688 5698 5705 5713 5725 5730 5736 5753 5759 5764 5778 5787 5798 5804 5815 5844 5856 5864 5876 5885 5896 5921 5931 5937 5952 5965 5981 6008 6012 6030 6051 6061 6066 6071 6071 6072 6072 6070 6065 6058 6046 6034 6024 6012 5993 5986 5972 5954 5950 5945 5939 5936 5933 5931 5934 5937 5932 5930 5932 5931 5935 5941 5961 5970 5979 5997 6007 6024 6033 6043 6050 6057
5447 5404 5383 5374 5407 5446 5489 5577 5623 5663 5707 5714 5717 5722 5727 5736 5752 5757 5764 5777 5780 5783 5795 5803 5812 5816 5824 5852 5866 5877 5895 5906 5916 5935 5941 5943 5958 5975 5993 6013 6019 6032 6060 6071 6076 6078 6078 6080 6077 6073 6060 6055 6055 6039 6028 6006 5993 5987 5975 5956 5950 5943 5934 5932 5931 5931 5934 5936 5924 5923 5929 5926 5934 5939 5963 5974 5983 5996 6006 6024 6043 6051 6056 6062
