data/crater_dem/crater0040.asc
ncols         221
nrows         221
xllcorner     -8609.7592311609
yllcorner     1549215.2351334
cellsize      59.2252938
NODATA_value  -9999
[rows 144 to 179 of 221, columns 81 to 161 of 221]
-287 -272 -266 -251 -240 -218 -197 -188 -165 -154 -131 -119 -83 -60 -48 -24 -14 2 14 19 31 41 47 59 31 18 10 -3 -9 -23 -36 -42 -51 -55 -67 -70 -69 -67 -70 -71 -83 -86 -91 -90 -106 -124 -140 -159 -162 -185 -190 -200 -217 -226 -242 -254 -281 -293 -297 -310 -316 -323 -329 -331 -332 -331 -325 -320 -310 -300 -297 -295 -294 -296 -295 -301 -301 -297 -288 -307 -312
-256 -240 -234 -222 -212 -186 -163 -153 -129 -119 -100 -89 -54 -26 -14 5 13 30 41 45 58 73 74 80 54 42 34 16 8 -3 -13 -21 -37 -42 -51 -55 -53 -53 -54 -56 -66 -72 -74 -76 -91 -111 -125 -143 -147 -167 -173 -184 -198 -207 -224 -235 -260 -272 -274 -284 -290 -298 -304 -306 -311 -310 -301 -293 -283 -275 -272 -272 -272 -272 -269 -271 -273 -274 -260 -280 -284
-228 -212 -204 -188 -177 -154 -129 -117 -93 -83 -66 -54 -19 0 13 36 43 58 66 68 81 96 92 99 75 61 54 36 26 15 8 -1 -18 -25 -36 -38 -38 -40 -42 -46 -52 -54 -60 -62 -79 -102 -110 -129 -132 -147 -153 -165 -177 -186 -204 -215 -235 -247 -250 -259 -266 -276 -282 -284 -287 -286 -275 -267 -257 -251 -249 -248 -248 -246 -241 -242 -243 -249 -234 -253 -255
-201 -185 -174 -154 -141 -122 -96 -83 -60 -51 -31 -19 13 28 42 63 69 85 93 93 100 117 107 113 95 81 74 57 46 33 27 19 0 -8 -22 -28 -28 -28 -32 -42 -41 -44 -47 -52 -67 -84 -93 -111 -120 -127 -132 -143 -154 -161 -179 -189 -208 -221 -226 -237 -243 -256 -259 -260 -259 -257 -248 -241 -231 -225 -223 -221 -219 -217 -212 -213 -214 -221 -209 -225 -226
-174 -157 -145 -124 -117 -94 -67 -55 -33 -23 -4 6 43 54 65 82 88 105 116 116 120 129 125 138 119 106 98 80 68 46 40 35 15 5 -8 -15 -16 -16 -19 -28 -30 -27 -35 -40 -55 -71 -75 -93 -106 -112 -115 -122 -131 -136 -152 -163 -181 -195 -203 -215 -222 -234 -234 -233 -231 -228 -220 -213 -202 -196 -194 -191 -191 -187 -176 -193 -185 -194 -178 -194 -195
-144 -130 -120 -98 -90 -67 -43 -33 -12 -3 17 29 56 74 82 97 102 117 132 134 141 149 142 155 139 129 120 98 84 58 49 46 32 22 6 0 -2 -6 -7 -12 -18 -14 -24 -29 -43 -61 -61 -75 -87 -93 -97 -103 -109 -114 -128 -138 -154 -171 -179 -190 -195 -206 -207 -207 -209 -206 -195 -187 -175 -167 -164 -163 -162 -157 -146 -162 -156 -159 -145 -162 -163
-113 -100 -92 -71 -64 -39 -19 -12 4 14 36 47 75 91 100 113 119 130 145 148 155 170 159 173 153 146 136 110 97 74 60 56 45 35 17 11 8 5 4 1 -1 -5 -18 -23 -28 -50 -46 -54 -60 -68 -74 -81 -86 -91 -106 -114 -132 -148 -155 -163 -167 -178 -183 -182 -184 -180 -167 -159 -146 -136 -133 -133 -131 -125 -113 -133 -125 -133 -119 -134 -135
-83 -66 -59 -43 -40 -13 0 6 25 34 53 62 81 104 114 130 137 146 159 163 167 183 177 180 166 157 150 121 108 87 71 67 54 44 25 15 13 14 15 11 10 3 -7 -12 -13 -35 -27 -29 -32 -42 -48 -57 -64 -69 -80 -88 -107 -126 -132 -137 -140 -152 -155 -154 -152 -148 -133 -126 -114 -105 -102 -104 -103 -96 -87 -100 -91 -104 -92 -106 -110
-52 -33 -26 -17 -21 4 19 26 45 54 70 78 97 115 124 142 151 162 174 180 184 194 191 195 179 166 159 133 119 98 82 76 60 51 38 22 17 19 19 17 14 8 0 -4 -2 -13 -8 -8 -9 -17 -22 -31 -42 -47 -54 -59 -78 -97 -106 -113 -115 -123 -127 -124 -121 -117 -103 -97 -88 -80 -77 -77 -76 -72 -63 -62 -58 -74 -62 -76 -80
-22 -7 -2 4 17 25 40 47 63 71 88 95 121 131 137 153 163 176 187 194 198 201 207 207 192 175 168 147 133 111 95 88 67 58 47 31 26 22 21 19 16 13 7 4 10 6 6 5 9 6 2 -7 -16 -22 -30 -33 -46 -64 -74 -87 -89 -96 -101 -100 -95 -90 -81 -75 -67 -59 -54 -49 -49 -46 -36 -23 -29 -29 -30 -43 -47
4 16 22 30 48 48 63 69 83 91 107 113 139 149 156 172 181 194 203 207 210 211 229 221 204 187 181 161 150 129 109 98 76 66 52 42 38 29 26 21 24 23 21 18 23 27 22 23 32 31 28 17 7 2 -6 -9 -19 -33 -42 -57 -61 -69 -75 -75 -72 -68 -59 -53 -42 -34 -28 -20 -18 -16 -9 2 -6 8 -3 -12 -14
34 45 49 56 68 71 84 92 106 113 128 133 154 167 177 194 201 211 219 221 225 228 242 236 219 201 193 174 165 146 122 111 88 78 65 57 53 40 37 32 38 34 32 30 31 40 39 43 54 49 48 43 34 28 15 11 1 -7 -14 -27 -32 -38 -45 -48 -49 -44 -31 -24 -12 -7 -4 3 6 10 21 32 18 34 20 15 13
63 73 75 80 93 94 106 115 130 135 149 155 171 185 195 212 216 225 233 235 241 248 254 250 236 218 207 185 177 158 137 127 106 97 82 72 68 56 51 47 52 49 42 43 41 51 51 58 74 64 66 68 61 53 39 33 22 14 9 -2 -5 -9 -15 -19 -23 -18 -7 0 13 19 21 27 31 37 44 52 43 56 44 41 41
93 100 102 105 118 123 132 138 152 157 169 175 184 204 213 227 232 242 249 251 254 267 274 268 251 233 222 198 187 168 150 142 121 112 95 85 82 71 65 59 64 67 64 60 55 63 62 69 87 81 85 92 86 78 65 59 47 38 32 22 20 15 10 7 0 4 18 25 38 41 42 49 53 61 65 69 69 81 71 72 71
126 130 133 139 147 157 162 164 173 178 190 196 208 225 233 244 249 260 268 269 268 274 269 278 261 246 236 212 199 179 160 151 132 123 108 98 95 83 73 65 66 79 79 85 71 74 75 85 99 97 102 110 106 100 89 85 72 61 55 49 47 42 39 37 28 31 41 48 58 59 61 69 74 82 87 92 94 109 98 106 106
164 166 168 172 174 185 191 191 197 203 215 220 233 246 252 262 267 277 285 287 283 274 259 268 270 261 252 228 213 190 170 162 147 141 130 117 113 93 76 61 52 73 95 95 86 86 87 97 110 108 112 122 126 123 114 110 100 86 80 75 73 70 67 64 55 57 63 69 76 77 77 88 93 100 106 110 118 129 127 139 139
199 200 201 199 203 208 214 216 223 229 240 244 255 263 269 279 285 294 300 302 296 283 273 270 279 274 266 242 226 198 182 176 167 163 155 139 132 107 87 54 51 71 103 107 102 97 99 105 116 115 117 132 144 142 136 134 127 116 111 104 101 97 88 83 77 81 86 89 91 87 88 98 104 112 119 122 137 155 155 166 167
230 231 231 227 230 233 240 243 250 255 263 266 278 282 288 301 306 314 316 315 310 304 280 292 291 283 274 249 233 206 194 193 186 183 175 158 151 130 113 75 81 93 109 115 118 111 113 116 125 128 130 146 156 154 151 152 149 143 139 131 128 121 112 107 99 103 107 108 103 95 95 104 109 119 126 125 149 165 175 188 193
263 262 262 259 261 261 267 270 277 281 287 289 302 304 310 323 329 334 330 330 327 334 322 303 298 285 275 250 238 219 208 205 199 197 192 177 171 155 144 122 120 123 128 132 135 128 128 130 137 143 148 161 166 166 167 169 169 166 162 153 149 145 140 138 125 125 127 126 117 109 109 112 113 120 127 137 157 178 185 207 216
298 297 296 294 297 292 296 299 304 307 313 316 328 330 334 344 349 351 345 343 339 346 324 310 302 285 276 255 247 235 223 216 210 211 206 192 187 178 171 170 160 157 156 156 152 147 145 146 153 157 161 171 178 181 187 188 189 186 181 166 161 163 165 167 152 149 144 140 129 122 120 113 110 115 129 142 165 184 203 222 231
335 332 331 331 329 325 327 329 333 334 338 342 352 355 358 364 366 366 360 357 348 355 333 318 309 290 280 260 254 247 239 233 230 230 220 206 203 197 193 199 195 184 177 175 168 165 163 164 165 170 172 179 188 194 202 201 203 201 195 175 171 178 184 187 174 169 159 154 143 130 124 111 104 108 130 144 170 194 207 231 240
369 365 364 364 368 360 358 359 362 362 364 366 374 377 380 384 385 382 376 371 361 361 346 326 317 298 288 269 264 263 258 255 252 250 239 229 225 219 215 219 206 204 205 195 188 184 178 177 173 183 183 187 195 201 208 210 213 215 209 191 188 196 201 203 190 185 172 167 157 139 128 111 104 106 132 144 171 197 214 243 253
399 397 396 396 402 394 391 390 391 392 392 391 400 399 400 403 403 399 393 388 374 373 358 338 330 314 305 287 283 284 279 274 271 270 262 255 250 244 240 236 231 228 224 222 209 204 191 187 178 190 190 194 204 210 219 222 227 229 224 212 211 217 220 220 205 198 183 178 169 148 137 119 112 112 137 145 174 196 217 256 268
427 429 428 427 430 426 424 422 422 422 419 419 418 424 424 425 424 417 412 406 390 387 370 353 347 334 327 310 305 305 302 296 293 293 286 275 272 268 265 254 256 251 242 247 229 224 210 202 192 197 197 203 217 224 235 238 241 241 239 233 234 238 238 237 221 213 197 192 178 157 147 133 127 123 141 149 178 202 223 265 278
455 460 459 457 458 456 454 453 452 451 449 450 453 455 453 451 448 439 432 427 410 407 393 374 367 355 348 332 327 327 325 322 319 318 307 296 293 290 287 273 274 269 261 268 254 241 232 221 205 216 216 220 234 241 251 253 255 253 252 254 256 257 254 252 236 229 215 208 189 168 160 148 142 138 147 155 181 206 230 269 286
485 488 487 485 485 486 483 482 482 483 483 484 485 487 485 480 476 464 454 447 431 429 415 398 390 378 370 355 351 348 346 344 343 341 329 318 315 309 305 289 289 288 283 294 281 279 258 245 227 244 242 243 251 256 267 271 270 264 264 271 273 273 269 266 251 244 231 223 204 185 177 163 157 155 159 164 185 212 238 274 293
515 516 515 515 517 514 512 513 513 513 516 516 517 516 513 510 505 490 474 467 453 448 436 420 413 402 396 383 380 373 368 368 367 364 351 342 338 327 324 316 309 308 306 316 307 314 288 274 253 267 265 267 269 272 283 287 285 275 274 281 285 289 284 280 267 263 249 242 225 208 199 182 178 180 183 176 199 213 244 279 298
547 545 544 546 546 544 543 545 543 542 542 543 543 542 539 535 532 516 500 492 479 467 454 443 437 427 422 413 410 403 401 399 391 386 375 368 364 350 348 342 334 331 330 339 336 335 318 305 285 290 289 289 288 290 297 299 297 288 285 293 299 305 302 298 289 285 272 263 247 230 220 205 201 204 206 197 217 227 255 290 308
578 576 574 576 578 577 576 574 572 570 568 568 574 569 566 560 557 544 530 523 504 487 476 471 465 453 448 438 436 432 431 429 417 411 402 393 387 374 372 365 364 358 355 365 362 360 346 334 312 321 319 315 310 311 314 314 311 305 303 308 313 322 323 320 310 306 290 282 268 252 243 229 225 224 222 222 234 243 264 304 321
608 610 608 607 619 606 606 604 600 600 599 599 609 598 595 588 583 572 558 550 528 512 501 502 497 484 478 468 465 462 458 455 444 439 429 417 410 397 396 395 396 384 385 387 384 382 372 361 344 354 353 345 336 335 335 334 328 323 322 323 327 338 342 340 327 323 310 303 289 276 269 256 250 243 241 240 255 262 283 313 329
635 639 639 636 647 634 635 632 627 627 628 629 635 626 623 616 612 598 581 573 556 553 532 534 530 518 512 504 501 493 486 482 473 468 458 445 436 424 422 424 419 403 400 415 404 398 397 390 392 385 381 371 361 358 355 355 348 341 340 340 344 353 357 357 347 344 333 327 312 299 296 283 274 262 262 265 282 286 296 326 341
661 664 664 662 669 663 661 658 652 652 652 653 662 650 647 642 637 623 606 599 585 579 558 565 562 552 547 539 534 526 515 510 502 497 487 473 464 452 448 446 439 430 428 439 429 429 426 422 435 409 403 391 382 380 375 374 369 360 359 360 363 371 374 373 369 368 358 352 338 327 323 310 301 288 288 289 304 308 313 340 355
687 688 687 685 694 688 684 681 678 677 676 676 685 673 670 663 660 650 635 629 617 614 591 593 591 585 581 571 565 556 545 537 528 525 514 500 494 483 478 469 463 463 453 462 456 459 455 452 458 430 423 414 405 402 396 393 385 380 380 377 378 387 392 392 390 390 384 379 368 358 353 340 332 320 316 311 320 324 327 351 365
710 712 711 708 718 709 706 706 703 700 702 704 713 698 695 687 685 681 668 662 649 640 623 621 619 616 611 601 596 586 571 563 553 549 538 527 523 512 507 494 488 484 477 486 483 481 481 474 476 449 443 438 430 425 418 414 406 402 401 395 393 401 409 411 408 410 409 406 396 387 382 370 364 352 342 334 334 337 344 363 376
730 737 737 732 741 731 730 731 726 724 729 729 732 722 720 715 713 710 701 694 678 669 654 650 649 643 637 628 625 614 599 592 582 578 563 550 546 537 532 517 514 518 503 515 510 508 506 497 499 469 462 458 450 448 440 437 430 426 424 418 416 418 426 429 428 429 432 430 423 416 411 398 393 382 370 360 353 353 358 378 390
751 762 763 758 765 754 751 751 748 747 751 751 756 745 744 741 739 734 727 719 704 699 682 678 678 672 666 658 655 644 630 624 612 606 590 575 569 559 554 541 540 541 527 538 536 534 531 521 526 493 484 476 470 469 463 459 451 448 446 439 437 434 439 444 448 450 456 457 455 448 443 429 424 413 400 391 379 377 373 393 404
