data/crater_dem/crater0026.asc
ncols         554
nrows         554
xllcorner     -19966.715726238
yllcorner     1722449.2194984
cellsize      59.2252938
NODATA_value  -9999
[rows 34 to 67 of 554, columns 231 to 307 of 554]
-5457 -5460 -5459 -5447 -5441 -5445 -5445 -5443 -5443 -5442 -5433 -5422 -5428 -5435 -5440 -5436 -5431 -5431 -5432 -5433 -5433 -5432 -5433 -5431 -5425 -5423 -5426 -5429 -5432 -5433 -5436 -5437 -5433 -5429 -5427 -5429 -5424 -5423 -5430 -5425 -5424 -5421 -5421 -5427 -5426 -5424 -5419 -5415 -5414 -5408 -5402 -5404 -5394 -5394 -5391 -5388 -5386 -5382 -5391 -5409 -5429 -5398 -5378 -5348 -5333 -5332 -5343 -5349 -5348 -5358 -5358 -5365 -5365 -5364 -5363 -5367 -5372
-5445 -5448 -5451 -5448 -5442 -5443 -5442 -5441 -5442 -5438 -5433 -5423 -5424 -5429 -5437 -5435 -5429 -5431 -5435 -5434 -5433 -5431 -5429 -5427 -5427 -5426 -5427 -5429 -5428 -5424 -5432 -5436 -5435 -5431 -5431 -5432 -5422 -5425 -5427 -5426 -5425 -5423 -5422 -5414 -5410 -5413 -5415 -5413 -5410 -5401 -5396 -5401 -5395 -5393 -5390 -5386 -5383 -5377 -5378 -5387 -5389 -5373 -5365 -5354 -5344 -5342 -5349 -5357 -5356 -5358 -5366 -5372 -5375 -5376 -5369 -5377 -5381
-5439 -5439 -5444 -5447 -5445 -5443 -5445 -5445 -5444 -5437 -5433 -5426 -5422 -5423 -5431 -5433 -5432 -5436 -5432 -5429 -5430 -5426 -5430 -5427 -5429 -5429 -5427 -5424 -5422 -5422 -5430 -5434 -5435 -5432 -5433 -5437 -5420 -5420 -5421 -5425 -5428 -5424 -5422 -5404 -5402 -5411 -5422 -5419 -5407 -5397 -5395 -5399 -5391 -5389 -5388 -5382 -5380 -5377 -5373 -5372 -5365 -5361 -5362 -5362 -5361 -5364 -5360 -5357 -5353 -5357 -5366 -5378 -5383 -5387 -5383 -5393 -5390
-5435 -5434 -5440 -5448 -5444 -5436 -5438 -5441 -5441 -5440 -5439 -5435 -5431 -5430 -5434 -5435 -5436 -5436 -5428 -5424 -5423 -5433 -5437 -5433 -5429 -5427 -5423 -5420 -5423 -5429 -5433 -5435 -5437 -5433 -5431 -5432 -5421 -5421 -5418 -5424 -5425 -5423 -5415 -5407 -5407 -5423 -5443 -5438 -5416 -5399 -5395 -5398 -5391 -5392 -5390 -5380 -5377 -5376 -5371 -5369 -5364 -5363 -5365 -5369 -5378 -5383 -5372 -5361 -5354 -5357 -5368 -5380 -5385 -5389 -5390 -5403 -5402
-5436 -5436 -5441 -5447 -5443 -5435 -5434 -5435 -5443 -5443 -5442 -5438 -5435 -5435 -5437 -5435 -5434 -5433 -5426 -5424 -5422 -5431 -5442 -5441 -5431 -5426 -5422 -5421 -5424 -5432 -5432 -5432 -5434 -5431 -5425 -5425 -5423 -5427 -5426 -5427 -5425 -5422 -5420 -5416 -5419 -5441 -5463 -5454 -5424 -5401 -5398 -5398 -5393 -5391 -5391 -5383 -5379 -5373 -5369 -5368 -5363 -5368 -5369 -5368 -5386 -5390 -5378 -5364 -5353 -5357 -5370 -5383 -5387 -5391 -5394 -5403 -5406
-5440 -5440 -5441 -5444 -5443 -5441 -5437 -5437 -5441 -5446 -5446 -5439 -5433 -5433 -5435 -5435 -5435 -5429 -5423 -5422 -5422 -5429 -5439 -5440 -5433 -5430 -5425 -5421 -5422 -5425 -5424 -5423 -5428 -5432 -5428 -5424 -5425 -5430 -5428 -5426 -5429 -5420 -5421 -5421 -5422 -5440 -5458 -5447 -5418 -5399 -5397 -5401 -5398 -5394 -5391 -5388 -5384 -5378 -5378 -5376 -5362 -5370 -5370 -5371 -5378 -5381 -5374 -5362 -5355 -5359 -5375 -5387 -5395 -5400 -5397 -5405 -5408
-5435 -5435 -5438 -5442 -5443 -5438 -5434 -5434 -5442 -5440 -5449 -5443 -5431 -5431 -5437 -5440 -5439 -5432 -5426 -5424 -5423 -5426 -5430 -5432 -5430 -5429 -5425 -5422 -5422 -5420 -5417 -5417 -5424 -5430 -5431 -5428 -5420 -5424 -5421 -5418 -5418 -5414 -5416 -5411 -5409 -5417 -5429 -5425 -5406 -5395 -5394 -5397 -5393 -5392 -5386 -5381 -5381 -5387 -5399 -5397 -5366 -5365 -5361 -5357 -5357 -5360 -5358 -5353 -5363 -5363 -5375 -5388 -5399 -5409 -5405 -5408 -5409
-5432 -5432 -5435 -5439 -5443 -5434 -5423 -5423 -5443 -5438 -5447 -5442 -5431 -5432 -5438 -5443 -5442 -5436 -5431 -5429 -5427 -5426 -5425 -5428 -5430 -5430 -5428 -5424 -5423 -5419 -5413 -5414 -5421 -5423 -5421 -5423 -5422 -5419 -5414 -5409 -5414 -5410 -5411 -5400 -5396 -5397 -5405 -5403 -5393 -5388 -5388 -5393 -5388 -5382 -5372 -5367 -5370 -5391 -5416 -5414 -5381 -5354 -5347 -5345 -5347 -5353 -5356 -5361 -5377 -5379 -5377 -5392 -5402 -5408 -5410 -5407 -5411
-5432 -5434 -5437 -5440 -5444 -5434 -5420 -5419 -5438 -5432 -5437 -5435 -5431 -5430 -5435 -5443 -5443 -5438 -5435 -5436 -5435 -5429 -5428 -5431 -5433 -5433 -5432 -5427 -5422 -5416 -5414 -5415 -5422 -5424 -5419 -5415 -5421 -5421 -5412 -5406 -5411 -5421 -5415 -5397 -5390 -5388 -5392 -5392 -5392 -5390 -5389 -5386 -5382 -5373 -5364 -5357 -5359 -5375 -5396 -5390 -5351 -5342 -5341 -5341 -5348 -5359 -5371 -5383 -5393 -5390 -5387 -5399 -5405 -5409 -5405 -5411 -5416
-5434 -5436 -5437 -5439 -5441 -5436 -5427 -5423 -5438 -5425 -5433 -5435 -5433 -5432 -5435 -5444 -5443 -5438 -5439 -5441 -5439 -5430 -5427 -5429 -5431 -5431 -5430 -5428 -5425 -5423 -5424 -5425 -5423 -5423 -5423 -5415 -5414 -5416 -5411 -5406 -5413 -5444 -5422 -5395 -5386 -5386 -5390 -5390 -5396 -5391 -5384 -5379 -5368 -5364 -5356 -5346 -5345 -5349 -5360 -5355 -5324 -5339 -5342 -5349 -5358 -5372 -5386 -5400 -5401 -5401 -5402 -5404 -5405 -5412 -5410 -5416 -5417
-5433 -5432 -5434 -5435 -5433 -5434 -5432 -5430 -5435 -5432 -5438 -5437 -5434 -5434 -5438 -5446 -5447 -5440 -5440 -5442 -5443 -5439 -5433 -5431 -5426 -5431 -5426 -5423 -5421 -5421 -5425 -5425 -5418 -5422 -5426 -5416 -5406 -5406 -5404 -5400 -5409 -5433 -5422 -5398 -5389 -5388 -5389 -5387 -5391 -5385 -5380 -5373 -5362 -5357 -5347 -5333 -5329 -5331 -5339 -5343 -5334 -5343 -5347 -5361 -5376 -5388 -5403 -5413 -5413 -5407 -5413 -5410 -5407 -5411 -5410 -5415 -5415
-5430 -5429 -5433 -5428 -5424 -5431 -5434 -5433 -5441 -5437 -5438 -5436 -5432 -5433 -5438 -5444 -5445 -5439 -5438 -5440 -5446 -5449 -5441 -5430 -5427 -5428 -5426 -5421 -5412 -5412 -5421 -5422 -5413 -5418 -5423 -5410 -5398 -5399 -5395 -5387 -5396 -5409 -5409 -5396 -5392 -5389 -5388 -5386 -5388 -5383 -5380 -5372 -5364 -5351 -5341 -5331 -5330 -5336 -5345 -5355 -5365 -5362 -5365 -5380 -5396 -5407 -5417 -5421 -5423 -5416 -5419 -5417 -5416 -5417 -5413 -5422 -5424
-5429 -5432 -5436 -5425 -5424 -5433 -5434 -5433 -5436 -5437 -5438 -5437 -5434 -5434 -5438 -5440 -5436 -5433 -5433 -5435 -5444 -5448 -5440 -5428 -5424 -5425 -5425 -5421 -5413 -5412 -5420 -5419 -5408 -5406 -5407 -5399 -5391 -5391 -5387 -5380 -5384 -5387 -5392 -5389 -5389 -5391 -5391 -5389 -5386 -5381 -5379 -5372 -5361 -5346 -5342 -5343 -5345 -5356 -5366 -5376 -5392 -5388 -5391 -5399 -5411 -5418 -5423 -5425 -5427 -5425 -5425 -5424 -5428 -5433 -5439 -5434 -5431
-5422 -5427 -5433 -5426 -5427 -5432 -5432 -5432 -5436 -5438 -5437 -5437 -5438 -5438 -5440 -5438 -5432 -5430 -5428 -5428 -5438 -5441 -5438 -5432 -5426 -5424 -5422 -5420 -5417 -5415 -5414 -5411 -5403 -5399 -5400 -5396 -5387 -5386 -5385 -5381 -5382 -5384 -5389 -5387 -5387 -5391 -5394 -5391 -5383 -5376 -5373 -5361 -5353 -5344 -5349 -5359 -5364 -5374 -5385 -5393 -5407 -5406 -5408 -5411 -5417 -5423 -5429 -5433 -5438 -5437 -5432 -5427 -5438 -5447 -5458 -5433 -5429
-5422 -5423 -5429 -5425 -5423 -5425 -5429 -5431 -5449 -5433 -5432 -5437 -5440 -5441 -5439 -5436 -5431 -5431 -5429 -5429 -5433 -5435 -5434 -5429 -5422 -5421 -5422 -5426 -5422 -5411 -5404 -5403 -5401 -5397 -5394 -5391 -5385 -5384 -5383 -5379 -5383 -5384 -5391 -5388 -5387 -5388 -5391 -5387 -5379 -5366 -5360 -5361 -5349 -5350 -5359 -5371 -5378 -5389 -5398 -5405 -5413 -5415 -5417 -5418 -5421 -5428 -5434 -5439 -5439 -5438 -5434 -5428 -5436 -5442 -5441 -5431 -5430
-5428 -5429 -5431 -5427 -5419 -5419 -5429 -5434 -5431 -5427 -5427 -5436 -5442 -5442 -5439 -5435 -5434 -5431 -5432 -5433 -5434 -5431 -5426 -5421 -5420 -5421 -5427 -5430 -5422 -5404 -5394 -5393 -5394 -5390 -5386 -5388 -5384 -5385 -5387 -5382 -5385 -5391 -5394 -5390 -5389 -5388 -5387 -5384 -5372 -5355 -5350 -5355 -5354 -5361 -5371 -5381 -5386 -5396 -5405 -5411 -5425 -5422 -5424 -5426 -5427 -5437 -5443 -5446 -5447 -5442 -5440 -5435 -5437 -5440 -5437 -5438 -5435
-5428 -5428 -5426 -5424 -5419 -5421 -5432 -5437 -5427 -5430 -5428 -5435 -5444 -5444 -5439 -5435 -5434 -5428 -5428 -5431 -5434 -5427 -5419 -5414 -5413 -5414 -5415 -5416 -5410 -5396 -5387 -5385 -5385 -5380 -5378 -5382 -5383 -5390 -5386 -5382 -5385 -5387 -5397 -5393 -5392 -5393 -5390 -5386 -5373 -5355 -5352 -5352 -5361 -5375 -5388 -5394 -5396 -5401 -5409 -5416 -5428 -5427 -5430 -5431 -5434 -5443 -5445 -5443 -5444 -5443 -5444 -5443 -5444 -5443 -5440 -5446 -5442
-5430 -5430 -5425 -5424 -5424 -5427 -5435 -5437 -5430 -5434 -5429 -5431 -5440 -5442 -5437 -5433 -5430 -5426 -5425 -5427 -5427 -5420 -5413 -5411 -5410 -5408 -5401 -5399 -5398 -5395 -5391 -5389 -5382 -5375 -5374 -5378 -5381 -5386 -5383 -5383 -5385 -5385 -5393 -5392 -5392 -5394 -5390 -5384 -5373 -5360 -5358 -5363 -5371 -5385 -5400 -5406 -5407 -5412 -5419 -5426 -5429 -5431 -5433 -5436 -5440 -5443 -5441 -5440 -5443 -5447 -5444 -5446 -5447 -5448 -5446 -5450 -5449
-5431 -5431 -5427 -5425 -5428 -5434 -5439 -5437 -5437 -5430 -5427 -5428 -5432 -5433 -5434 -5434 -5433 -5429 -5425 -5424 -5422 -5417 -5412 -5410 -5408 -5404 -5397 -5397 -5396 -5393 -5390 -5387 -5381 -5373 -5371 -5378 -5382 -5383 -5382 -5387 -5383 -5385 -5391 -5391 -5392 -5391 -5384 -5379 -5371 -5363 -5362 -5374 -5385 -5393 -5403 -5412 -5416 -5423 -5428 -5435 -5437 -5434 -5435 -5437 -5444 -5444 -5444 -5445 -5447 -5449 -5445 -5449 -5453 -5458 -5457 -5449 -5453
-5425 -5426 -5426 -5426 -5426 -5430 -5433 -5430 -5426 -5424 -5427 -5430 -5427 -5425 -5427 -5432 -5431 -5426 -5417 -5416 -5419 -5418 -5411 -5406 -5401 -5398 -5394 -5394 -5393 -5389 -5384 -5379 -5372 -5369 -5370 -5375 -5383 -5383 -5380 -5384 -5382 -5385 -5388 -5392 -5394 -5392 -5385 -5380 -5375 -5371 -5373 -5388 -5397 -5405 -5410 -5419 -5424 -5427 -5428 -5439 -5439 -5436 -5438 -5443 -5446 -5445 -5448 -5451 -5452 -5456 -5451 -5453 -5456 -5456 -5458 -5456 -5457
-5421 -5422 -5424 -5424 -5420 -5419 -5422 -5424 -5421 -5425 -5426 -5429 -5428 -5425 -5426 -5429 -5427 -5421 -5411 -5409 -5418 -5421 -5410 -5401 -5394 -5392 -5388 -5388 -5390 -5389 -5381 -5377 -5369 -5371 -5373 -5373 -5379 -5382 -5386 -5387 -5380 -5384 -5385 -5391 -5393 -5391 -5383 -5378 -5376 -5378 -5383 -5399 -5409 -5423 -5428 -5430 -5433 -5429 -5428 -5441 -5442 -5441 -5443 -5446 -5448 -5447 -5454 -5457 -5455 -5456 -5455 -5455 -5456 -5457 -5458 -5457 -5456
-5416 -5418 -5418 -5416 -5415 -5416 -5420 -5422 -5419 -5425 -5423 -5424 -5426 -5425 -5427 -5429 -5427 -5422 -5411 -5407 -5416 -5417 -5405 -5396 -5389 -5387 -5385 -5385 -5391 -5394 -5389 -5387 -5384 -5383 -5381 -5379 -5380 -5381 -5392 -5393 -5385 -5389 -5394 -5396 -5397 -5393 -5382 -5376 -5379 -5388 -5392 -5407 -5417 -5434 -5438 -5439 -5439 -5437 -5436 -5441 -5443 -5444 -5448 -5447 -5450 -5447 -5454 -5457 -5455 -5457 -5453 -5455 -5456 -5453 -5453 -5457 -5455
-5416 -5418 -5418 -5414 -5415 -5420 -5421 -5424 -5424 -5424 -5417 -5419 -5424 -5425 -5427 -5426 -5426 -5423 -5416 -5412 -5412 -5408 -5400 -5393 -5386 -5384 -5387 -5390 -5391 -5394 -5391 -5392 -5397 -5396 -5393 -5388 -5384 -5383 -5395 -5399 -5401 -5407 -5414 -5409 -5406 -5400 -5392 -5383 -5385 -5393 -5396 -5411 -5419 -5432 -5437 -5440 -5440 -5439 -5440 -5438 -5441 -5437 -5444 -5452 -5452 -5450 -5454 -5453 -5453 -5454 -5456 -5456 -5455 -5451 -5451 -5457 -5454
-5420 -5421 -5421 -5418 -5417 -5422 -5423 -5423 -5436 -5419 -5415 -5416 -5418 -5420 -5421 -5421 -5420 -5422 -5422 -5420 -5413 -5406 -5398 -5393 -5389 -5389 -5395 -5398 -5397 -5395 -5390 -5391 -5399 -5401 -5399 -5395 -5388 -5388 -5401 -5411 -5419 -5423 -5425 -5414 -5410 -5405 -5398 -5391 -5391 -5396 -5399 -5411 -5420 -5432 -5438 -5436 -5434 -5437 -5443 -5440 -5443 -5434 -5442 -5450 -5454 -5451 -5454 -5450 -5450 -5452 -5457 -5456 -5455 -5456 -5452 -5453 -5451
-5424 -5427 -5425 -5420 -5418 -5419 -5420 -5420 -5424 -5419 -5417 -5412 -5410 -5413 -5420 -5421 -5418 -5419 -5419 -5417 -5408 -5399 -5396 -5398 -5399 -5399 -5403 -5404 -5407 -5404 -5395 -5393 -5398 -5401 -5397 -5394 -5391 -5391 -5408 -5415 -5426 -5429 -5423 -5415 -5412 -5402 -5393 -5392 -5391 -5395 -5399 -5409 -5418 -5428 -5434 -5431 -5431 -5439 -5446 -5444 -5443 -5442 -5448 -5449 -5452 -5451 -5453 -5458 -5450 -5453 -5456 -5455 -5456 -5448 -5454 -5450 -5446
-5422 -5425 -5427 -5424 -5420 -5420 -5421 -5422 -5422 -5419 -5415 -5410 -5407 -5410 -5417 -5419 -5418 -5419 -5417 -5413 -5402 -5398 -5405 -5412 -5413 -5413 -5414 -5412 -5413 -5410 -5406 -5404 -5405 -5406 -5401 -5395 -5395 -5397 -5410 -5414 -5431 -5428 -5418 -5416 -5412 -5396 -5389 -5395 -5398 -5400 -5402 -5411 -5418 -5426 -5430 -5433 -5436 -5443 -5447 -5442 -5443 -5445 -5449 -5448 -5450 -5449 -5451 -5451 -5452 -5458 -5452 -5448 -5451 -5449 -5456 -5450 -5441
-5422 -5423 -5425 -5422 -5423 -5424 -5423 -5422 -5419 -5417 -5415 -5412 -5409 -5409 -5409 -5412 -5418 -5419 -5412 -5407 -5402 -5409 -5418 -5421 -5424 -5427 -5429 -5423 -5417 -5413 -5415 -5414 -5413 -5411 -5406 -5402 -5397 -5399 -5410 -5417 -5430 -5429 -5417 -5415 -5410 -5399 -5395 -5401 -5406 -5407 -5406 -5414 -5416 -5426 -5432 -5436 -5438 -5441 -5444 -5444 -5440 -5445 -5448 -5444 -5448 -5448 -5452 -5452 -5452 -5458 -5447 -5447 -5449 -5447 -5448 -5444 -5442
-5420 -5420 -5419 -5420 -5424 -5425 -5423 -5421 -5419 -5419 -5419 -5416 -5415 -5415 -5410 -5410 -5414 -5411 -5407 -5405 -5406 -5416 -5424 -5424 -5427 -5430 -5431 -5426 -5421 -5418 -5418 -5419 -5419 -5416 -5411 -5407 -5404 -5404 -5415 -5416 -5430 -5424 -5415 -5408 -5406 -5401 -5400 -5402 -5409 -5411 -5411 -5419 -5423 -5430 -5435 -5437 -5438 -5439 -5441 -5444 -5440 -5446 -5448 -5442 -5450 -5451 -5454 -5450 -5450 -5448 -5447 -5450 -5449 -5446 -5443 -5443 -5446
-5414 -5414 -5413 -5416 -5424 -5427 -5425 -5422 -5421 -5419 -5419 -5416 -5415 -5413 -5409 -5408 -5410 -5410 -5409 -5408 -5411 -5420 -5425 -5423 -5423 -5424 -5423 -5420 -5419 -5416 -5416 -5417 -5421 -5420 -5414 -5410 -5409 -5410 -5414 -5410 -5413 -5406 -5405 -5400 -5400 -5406 -5405 -5405 -5410 -5413 -5415 -5424 -5437 -5435 -5434 -5433 -5435 -5438 -5441 -5441 -5440 -5444 -5445 -5444 -5452 -5455 -5456 -5449 -5448 -5447 -5448 -5450 -5449 -5446 -5446 -5446 -5445
-5418 -5417 -5413 -5413 -5419 -5419 -5416 -5414 -5416 -5418 -5419 -5412 -5406 -5403 -5401 -5403 -5409 -5411 -5410 -5411 -5414 -5422 -5425 -5425 -5426 -5425 -5422 -5417 -5417 -5416 -5416 -5415 -5415 -5415 -5412 -5412 -5411 -5413 -5412 -5404 -5399 -5395 -5399 -5398 -5399 -5409 -5410 -5406 -5406 -5409 -5412 -5419 -5437 -5431 -5430 -5436 -5436 -5438 -5440 -5444 -5443 -5445 -5444 -5445 -5449 -5454 -5453 -5446 -5447 -5447 -5447 -5448 -5448 -5444 -5446 -5444 -5441
-5425 -5422 -5415 -5412 -5412 -5412 -5409 -5407 -5411 -5415 -5415 -5407 -5402 -5401 -5401 -5404 -5409 -5411 -5413 -5415 -5421 -5424 -5424 -5427 -5426 -5425 -5422 -5419 -5419 -5421 -5420 -5416 -5408 -5409 -5410 -5413 -5410 -5410 -5412 -5406 -5399 -5398 -5397 -5398 -5401 -5408 -5408 -5404 -5406 -5410 -5412 -5414 -5425 -5422 -5426 -5437 -5439 -5440 -5439 -5442 -5446 -5444 -5441 -5442 -5447 -5453 -5452 -5448 -5446 -5446 -5443 -5447 -5448 -5445 -5449 -5445 -5444
-5419 -5419 -5416 -5409 -5410 -5414 -5406 -5404 -5408 -5408 -5407 -5401 -5400 -5403 -5406 -5407 -5408 -5412 -5418 -5422 -5429 -5427 -5420 -5421 -5424 -5422 -5421 -5422 -5423 -5423 -5421 -5416 -5407 -5405 -5410 -5412 -5412 -5411 -5410 -5404 -5403 -5404 -5400 -5405 -5407 -5407 -5407 -5410 -5413 -5415 -5416 -5416 -5420 -5419 -5423 -5431 -5434 -5437 -5436 -5439 -5446 -5444 -5443 -5439 -5446 -5454 -5455 -5444 -5444 -5445 -5444 -5446 -5445 -5444 -5448 -5447 -5447
-5417 -5416 -5414 -5407 -5410 -5413 -5403 -5401 -5398 -5406 -5406 -5405 -5406 -5408 -5410 -5413 -5415 -5419 -5424 -5426 -5429 -5428 -5423 -5420 -5420 -5420 -5421 -5424 -5426 -5424 -5422 -5418 -5412 -5407 -5409 -5412 -5416 -5423 -5406 -5403 -5407 -5409 -5409 -5415 -5415 -5408 -5409 -5415 -5417 -5418 -5420 -5416 -5421 -5417 -5418 -5427 -5430 -5434 -5434 -5439 -5444 -5445 -5444 -5438 -5444 -5451 -5452 -5448 -5450 -5446 -5443 -5441 -5436 -5446 -5441 -5446 -5443
-5421 -5416 -5411 -5408 -5408 -5410 -5408 -5407 -5404 -5412 -5416 -5420 -5419 -5417 -5417 -5418 -5421 -5422 -5421 -5421 -5425 -5426 -5424 -5419 -5418 -5420 -5425 -5433 -5436 -5431 -5423 -5419 -5412 -5407 -5407 -5412 -5417 -5415 -5406 -5405 -5412 -5416 -5420 -5420 -5417 -5408 -5409 -5417 -5420 -5422 -5422 -5414 -5420 -5418 -5421 -5428 -5430 -5432 -5433 -5439 -5438 -5447 -5446 -5436 -5443 -5446 -5445 -5445 -5447 -5445 -5442 -5439 -5434 -5443 -5437 -5444 -5438
