data/crater_dem/crater0026.asc
ncols         554
nrows         554
xllcorner     -19966.715726238
yllcorner     1722449.2194984
cellsize      59.2252938
NODATA_value  -9999
[rows 476 to 509 of 554, columns 154 to 230 of 554]
-5417 -5413 -5408 -5411 -5412 -5414 -5410 -5411 -5409 -5419 -5433 -5436 -5439 -5444 -5441 -5423 -5411 -5407 -5416 -5410 -5414 -5426 -5429 -5429 -5424 -5421 -5421 -5418 -5419 -5420 -5420 -5419 -5422 -5433 -5447 -5452 -5445 -5418 -5412 -5413 -5410 -5410 -5413 -5413 -5415 -5419 -5414 -5421 -5416 -5419 -5422 -5418 -5413 -5412 -5415 -5417 -5416 -5411 -5420 -5422 -5421 -5418 -5413 -5407 -5422 -5410 -5407 -5404 -5404 -5405 -5411 -5419 -5423 -5429 -5428 -5416 -5416
-5413 -5411 -5407 -5408 -5411 -5411 -5412 -5412 -5409 -5422 -5438 -5443 -5450 -5459 -5467 -5441 -5427 -5420 -5415 -5416 -5419 -5421 -5429 -5426 -5419 -5418 -5428 -5419 -5423 -5426 -5424 -5419 -5425 -5431 -5436 -5438 -5425 -5410 -5406 -5405 -5409 -5411 -5411 -5413 -5417 -5420 -5421 -5420 -5417 -5416 -5417 -5413 -5410 -5414 -5417 -5419 -5417 -5409 -5418 -5428 -5428 -5420 -5408 -5402 -5418 -5416 -5412 -5410 -5411 -5416 -5424 -5428 -5430 -5431 -5428 -5415 -5414
-5414 -5411 -5409 -5412 -5418 -5421 -5415 -5415 -5411 -5418 -5430 -5436 -5454 -5463 -5465 -5453 -5436 -5430 -5417 -5421 -5421 -5417 -5425 -5421 -5414 -5415 -5428 -5417 -5422 -5423 -5417 -5414 -5425 -5430 -5427 -5425 -5421 -5412 -5405 -5406 -5412 -5414 -5415 -5415 -5416 -5419 -5413 -5423 -5425 -5420 -5414 -5412 -5415 -5417 -5418 -5418 -5417 -5414 -5416 -5427 -5426 -5417 -5406 -5406 -5415 -5414 -5410 -5410 -5418 -5421 -5428 -5432 -5431 -5428 -5427 -5417 -5413
-5416 -5412 -5413 -5418 -5424 -5425 -5415 -5415 -5414 -5418 -5422 -5428 -5450 -5459 -5445 -5436 -5434 -5429 -5415 -5416 -5416 -5416 -5422 -5419 -5412 -5406 -5422 -5416 -5420 -5422 -5417 -5411 -5422 -5432 -5428 -5422 -5421 -5415 -5410 -5413 -5416 -5418 -5416 -5413 -5413 -5416 -5420 -5425 -5431 -5424 -5419 -5420 -5420 -5417 -5419 -5418 -5417 -5416 -5413 -5418 -5420 -5418 -5415 -5421 -5426 -5420 -5415 -5412 -5418 -5422 -5424 -5426 -5427 -5425 -5425 -5418 -5414
-5422 -5418 -5416 -5419 -5426 -5426 -5414 -5415 -5415 -5417 -5419 -5424 -5441 -5444 -5427 -5423 -5429 -5428 -5417 -5410 -5411 -5419 -5423 -5421 -5416 -5406 -5414 -5416 -5419 -5421 -5418 -5410 -5421 -5435 -5429 -5426 -5422 -5416 -5415 -5421 -5423 -5423 -5421 -5416 -5412 -5410 -5417 -5420 -5424 -5419 -5417 -5423 -5424 -5421 -5423 -5420 -5421 -5418 -5412 -5410 -5415 -5424 -5429 -5436 -5444 -5434 -5428 -5416 -5416 -5421 -5418 -5417 -5419 -5423 -5426 -5422 -5414
-5421 -5422 -5423 -5426 -5426 -5427 -5416 -5421 -5422 -5418 -5418 -5423 -5436 -5432 -5421 -5420 -5424 -5426 -5424 -5412 -5412 -5421 -5427 -5425 -5424 -5419 -5418 -5418 -5416 -5419 -5416 -5412 -5423 -5430 -5424 -5426 -5427 -5422 -5422 -5427 -5426 -5425 -5424 -5417 -5410 -5409 -5415 -5416 -5418 -5412 -5411 -5427 -5427 -5425 -5427 -5416 -5417 -5423 -5423 -5412 -5413 -5420 -5432 -5441 -5452 -5440 -5433 -5415 -5414 -5419 -5419 -5422 -5425 -5428 -5427 -5419 -5414
-5418 -5428 -5437 -5439 -5428 -5428 -5423 -5427 -5427 -5417 -5414 -5420 -5435 -5430 -5424 -5426 -5421 -5421 -5425 -5418 -5421 -5419 -5426 -5427 -5426 -5425 -5420 -5422 -5420 -5421 -5418 -5417 -5425 -5424 -5417 -5418 -5422 -5426 -5425 -5426 -5425 -5423 -5421 -5419 -5412 -5412 -5417 -5416 -5419 -5415 -5413 -5427 -5428 -5428 -5430 -5416 -5419 -5432 -5435 -5422 -5419 -5419 -5431 -5436 -5448 -5442 -5436 -5422 -5419 -5422 -5424 -5430 -5432 -5426 -5430 -5418 -5415
-5423 -5432 -5441 -5440 -5431 -5435 -5430 -5432 -5431 -5418 -5412 -5417 -5431 -5428 -5431 -5438 -5430 -5424 -5422 -5417 -5425 -5419 -5423 -5424 -5421 -5421 -5422 -5427 -5423 -5421 -5415 -5416 -5426 -5424 -5414 -5411 -5417 -5427 -5428 -5425 -5421 -5420 -5421 -5426 -5422 -5421 -5427 -5423 -5427 -5430 -5421 -5426 -5427 -5425 -5421 -5417 -5422 -5425 -5432 -5428 -5427 -5424 -5426 -5433 -5441 -5438 -5436 -5425 -5420 -5422 -5424 -5430 -5431 -5432 -5429 -5424 -5421
-5423 -5428 -5429 -5429 -5428 -5430 -5432 -5430 -5432 -5421 -5413 -5415 -5422 -5426 -5439 -5451 -5443 -5434 -5419 -5412 -5421 -5418 -5417 -5418 -5415 -5416 -5425 -5431 -5425 -5422 -5411 -5414 -5426 -5427 -5414 -5411 -5419 -5428 -5427 -5421 -5422 -5424 -5433 -5440 -5439 -5436 -5436 -5428 -5429 -5438 -5421 -5425 -5426 -5419 -5410 -5416 -5418 -5416 -5426 -5426 -5427 -5420 -5418 -5428 -5432 -5430 -5431 -5426 -5418 -5421 -5426 -5430 -5432 -5429 -5429 -5429 -5420
-5415 -5419 -5419 -5424 -5432 -5429 -5432 -5426 -5424 -5418 -5415 -5416 -5419 -5424 -5429 -5449 -5442 -5439 -5419 -5412 -5414 -5414 -5412 -5413 -5412 -5417 -5426 -5431 -5427 -5424 -5415 -5414 -5421 -5422 -5416 -5413 -5419 -5424 -5419 -5415 -5425 -5431 -5440 -5447 -5444 -5438 -5431 -5421 -5419 -5426 -5419 -5418 -5416 -5410 -5404 -5414 -5413 -5419 -5416 -5421 -5425 -5418 -5415 -5422 -5424 -5423 -5425 -5426 -5426 -5427 -5423 -5425 -5428 -5428 -5429 -5429 -5419
-5415 -5420 -5425 -5432 -5433 -5433 -5427 -5425 -5419 -5416 -5420 -5421 -5418 -5417 -5425 -5427 -5438 -5441 -5421 -5417 -5419 -5414 -5414 -5414 -5413 -5419 -5421 -5426 -5425 -5426 -5418 -5412 -5412 -5412 -5414 -5412 -5416 -5416 -5414 -5413 -5424 -5431 -5437 -5442 -5438 -5433 -5427 -5422 -5419 -5421 -5418 -5413 -5409 -5407 -5406 -5412 -5413 -5411 -5409 -5419 -5420 -5414 -5414 -5417 -5423 -5417 -5417 -5423 -5429 -5428 -5422 -5424 -5428 -5430 -5428 -5424 -5419
-5424 -5429 -5436 -5437 -5427 -5428 -5419 -5422 -5417 -5418 -5423 -5423 -5421 -5416 -5428 -5425 -5436 -5437 -5422 -5422 -5426 -5416 -5420 -5415 -5414 -5418 -5420 -5420 -5422 -5423 -5418 -5413 -5411 -5406 -5409 -5412 -5419 -5422 -5420 -5417 -5417 -5420 -5426 -5430 -5428 -5437 -5433 -5430 -5428 -5422 -5413 -5410 -5408 -5407 -5413 -5420 -5421 -5422 -5418 -5417 -5413 -5407 -5416 -5416 -5422 -5421 -5422 -5426 -5429 -5427 -5425 -5428 -5429 -5430 -5428 -5419 -5414
-5431 -5434 -5435 -5432 -5425 -5426 -5418 -5422 -5416 -5420 -5424 -5422 -5423 -5424 -5428 -5429 -5433 -5431 -5423 -5424 -5422 -5418 -5418 -5414 -5416 -5419 -5422 -5419 -5424 -5426 -5423 -5419 -5416 -5411 -5412 -5417 -5427 -5432 -5433 -5428 -5419 -5417 -5420 -5420 -5426 -5437 -5432 -5421 -5430 -5425 -5409 -5408 -5411 -5413 -5426 -5443 -5454 -5440 -5440 -5423 -5413 -5406 -5419 -5418 -5424 -5421 -5421 -5424 -5427 -5424 -5422 -5424 -5425 -5427 -5426 -5411 -5409
-5431 -5431 -5424 -5415 -5424 -5424 -5425 -5423 -5416 -5420 -5427 -5425 -5421 -5422 -5427 -5430 -5430 -5429 -5422 -5428 -5421 -5422 -5420 -5418 -5418 -5417 -5417 -5418 -5427 -5429 -5425 -5418 -5415 -5415 -5420 -5427 -5441 -5445 -5447 -5448 -5433 -5427 -5421 -5421 -5431 -5432 -5425 -5422 -5425 -5428 -5415 -5412 -5421 -5429 -5449 -5473 -5475 -5454 -5454 -5440 -5428 -5415 -5418 -5417 -5422 -5409 -5411 -5415 -5424 -5422 -5418 -5420 -5421 -5427 -5425 -5410 -5411
-5425 -5427 -5415 -5409 -5420 -5422 -5428 -5424 -5419 -5424 -5430 -5428 -5420 -5420 -5428 -5428 -5424 -5425 -5423 -5439 -5429 -5427 -5425 -5422 -5415 -5413 -5415 -5413 -5419 -5419 -5416 -5412 -5413 -5414 -5422 -5433 -5449 -5445 -5450 -5458 -5450 -5443 -5432 -5425 -5428 -5429 -5423 -5418 -5422 -5431 -5420 -5417 -5433 -5445 -5466 -5482 -5480 -5453 -5451 -5441 -5434 -5417 -5412 -5415 -5423 -5413 -5413 -5411 -5418 -5425 -5419 -5415 -5416 -5426 -5424 -5415 -5422
-5432 -5427 -5414 -5411 -5423 -5419 -5426 -5426 -5426 -5428 -5429 -5426 -5419 -5421 -5425 -5423 -5417 -5418 -5422 -5447 -5434 -5424 -5426 -5425 -5415 -5413 -5415 -5412 -5409 -5409 -5408 -5411 -5414 -5413 -5427 -5441 -5455 -5446 -5444 -5452 -5447 -5442 -5431 -5421 -5424 -5429 -5426 -5420 -5421 -5430 -5420 -5417 -5437 -5450 -5468 -5479 -5475 -5450 -5441 -5430 -5425 -5413 -5408 -5416 -5424 -5418 -5419 -5417 -5421 -5429 -5419 -5404 -5404 -5428 -5426 -5416 -5426
-5435 -5428 -5417 -5410 -5418 -5419 -5425 -5429 -5431 -5432 -5430 -5425 -5419 -5424 -5420 -5422 -5414 -5414 -5425 -5446 -5431 -5420 -5431 -5433 -5424 -5421 -5416 -5417 -5410 -5409 -5409 -5415 -5417 -5419 -5440 -5452 -5456 -5450 -5451 -5450 -5440 -5435 -5429 -5424 -5425 -5429 -5427 -5424 -5424 -5434 -5428 -5423 -5437 -5449 -5462 -5470 -5465 -5444 -5436 -5428 -5424 -5417 -5412 -5417 -5425 -5418 -5421 -5422 -5422 -5427 -5419 -5402 -5402 -5432 -5428 -5411 -5417
-5426 -5425 -5420 -5419 -5419 -5421 -5429 -5433 -5435 -5438 -5432 -5426 -5419 -5424 -5421 -5425 -5417 -5416 -5425 -5436 -5423 -5418 -5431 -5439 -5442 -5432 -5418 -5424 -5420 -5416 -5412 -5417 -5421 -5426 -5443 -5448 -5440 -5436 -5443 -5437 -5430 -5428 -5427 -5427 -5428 -5428 -5424 -5423 -5422 -5446 -5441 -5433 -5437 -5444 -5449 -5456 -5446 -5435 -5430 -5426 -5425 -5425 -5423 -5425 -5425 -5422 -5422 -5421 -5422 -5426 -5420 -5411 -5410 -5429 -5427 -5407 -5412
-5418 -5420 -5423 -5433 -5420 -5424 -5429 -5435 -5441 -5445 -5434 -5427 -5417 -5419 -5421 -5424 -5425 -5424 -5422 -5428 -5419 -5420 -5428 -5437 -5444 -5432 -5419 -5430 -5428 -5424 -5417 -5418 -5419 -5421 -5429 -5433 -5422 -5413 -5422 -5423 -5424 -5424 -5426 -5427 -5430 -5427 -5421 -5422 -5422 -5447 -5438 -5428 -5432 -5433 -5432 -5429 -5424 -5425 -5418 -5414 -5417 -5429 -5430 -5429 -5426 -5422 -5421 -5421 -5423 -5423 -5424 -5418 -5418 -5425 -5426 -5410 -5410
-5415 -5418 -5426 -5436 -5425 -5426 -5425 -5434 -5443 -5446 -5435 -5427 -5417 -5415 -5422 -5425 -5431 -5430 -5424 -5426 -5423 -5420 -5424 -5427 -5428 -5420 -5416 -5426 -5426 -5424 -5419 -5419 -5417 -5415 -5417 -5421 -5418 -5404 -5415 -5424 -5428 -5428 -5425 -5425 -5425 -5422 -5419 -5419 -5422 -5436 -5429 -5418 -5419 -5422 -5421 -5416 -5417 -5418 -5405 -5397 -5404 -5424 -5427 -5427 -5430 -5419 -5418 -5420 -5419 -5418 -5426 -5427 -5425 -5427 -5427 -5412 -5411
-5418 -5418 -5426 -5429 -5423 -5424 -5424 -5428 -5437 -5439 -5428 -5421 -5416 -5410 -5422 -5423 -5428 -5428 -5423 -5426 -5425 -5421 -5422 -5422 -5424 -5423 -5417 -5416 -5418 -5417 -5416 -5417 -5418 -5416 -5415 -5418 -5421 -5414 -5420 -5430 -5433 -5431 -5426 -5426 -5420 -5418 -5420 -5422 -5423 -5426 -5427 -5420 -5421 -5423 -5420 -5418 -5417 -5415 -5404 -5393 -5397 -5414 -5421 -5425 -5431 -5420 -5417 -5416 -5415 -5417 -5428 -5431 -5432 -5433 -5433 -5418 -5418
-5414 -5414 -5422 -5420 -5424 -5424 -5423 -5423 -5426 -5424 -5418 -5416 -5417 -5407 -5421 -5419 -5421 -5423 -5421 -5423 -5419 -5421 -5420 -5422 -5429 -5433 -5424 -5412 -5415 -5416 -5415 -5418 -5419 -5421 -5422 -5423 -5425 -5421 -5423 -5429 -5438 -5438 -5430 -5428 -5424 -5422 -5424 -5425 -5425 -5422 -5429 -5432 -5431 -5429 -5421 -5421 -5422 -5418 -5416 -5404 -5403 -5412 -5423 -5429 -5429 -5425 -5422 -5416 -5415 -5419 -5425 -5430 -5435 -5433 -5439 -5425 -5421
-5408 -5413 -5422 -5421 -5423 -5423 -5419 -5419 -5421 -5415 -5413 -5417 -5424 -5414 -5420 -5420 -5421 -5421 -5418 -5418 -5415 -5418 -5416 -5417 -5423 -5430 -5419 -5414 -5415 -5418 -5421 -5422 -5426 -5425 -5425 -5424 -5422 -5422 -5426 -5430 -5443 -5445 -5435 -5429 -5427 -5427 -5424 -5424 -5425 -5423 -5430 -5435 -5432 -5430 -5426 -5428 -5425 -5418 -5422 -5419 -5415 -5420 -5431 -5432 -5429 -5429 -5426 -5419 -5418 -5422 -5420 -5425 -5431 -5434 -5439 -5432 -5425
-5415 -5421 -5424 -5424 -5425 -5426 -5419 -5420 -5424 -5422 -5420 -5423 -5427 -5420 -5421 -5423 -5427 -5424 -5415 -5414 -5414 -5419 -5416 -5417 -5421 -5426 -5422 -5415 -5416 -5419 -5425 -5429 -5423 -5423 -5421 -5420 -5420 -5424 -5432 -5431 -5439 -5444 -5439 -5427 -5426 -5429 -5425 -5420 -5422 -5423 -5432 -5435 -5431 -5430 -5431 -5429 -5426 -5419 -5423 -5434 -5436 -5433 -5431 -5428 -5427 -5426 -5424 -5421 -5422 -5425 -5420 -5422 -5426 -5433 -5434 -5436 -5431
-5429 -5434 -5430 -5428 -5428 -5428 -5426 -5425 -5426 -5425 -5423 -5424 -5426 -5420 -5424 -5425 -5426 -5422 -5414 -5415 -5416 -5419 -5420 -5422 -5424 -5424 -5423 -5419 -5419 -5421 -5426 -5433 -5428 -5419 -5420 -5421 -5425 -5434 -5439 -5432 -5436 -5440 -5439 -5428 -5426 -5431 -5429 -5427 -5422 -5428 -5434 -5436 -5434 -5434 -5431 -5429 -5428 -5419 -5425 -5442 -5445 -5438 -5427 -5422 -5426 -5423 -5422 -5424 -5426 -5425 -5423 -5421 -5422 -5433 -5430 -5428 -5427
-5440 -5441 -5437 -5434 -5434 -5431 -5433 -5427 -5424 -5418 -5413 -5415 -5422 -5422 -5428 -5430 -5421 -5419 -5416 -5414 -5411 -5419 -5418 -5420 -5421 -5419 -5424 -5424 -5422 -5423 -5424 -5430 -5431 -5422 -5424 -5426 -5428 -5436 -5437 -5429 -5430 -5431 -5432 -5429 -5428 -5433 -5433 -5431 -5422 -5433 -5436 -5436 -5436 -5435 -5433 -5429 -5429 -5411 -5421 -5435 -5437 -5432 -5429 -5427 -5425 -5423 -5425 -5431 -5432 -5428 -5423 -5417 -5418 -5430 -5429 -5425 -5424
-5437 -5438 -5435 -5432 -5433 -5431 -5431 -5425 -5424 -5416 -5407 -5408 -5420 -5425 -5424 -5426 -5425 -5423 -5418 -5410 -5409 -5423 -5417 -5417 -5416 -5416 -5424 -5429 -5425 -5425 -5424 -5429 -5432 -5428 -5428 -5429 -5430 -5429 -5427 -5424 -5425 -5424 -5428 -5435 -5431 -5431 -5433 -5426 -5425 -5432 -5433 -5435 -5433 -5431 -5431 -5430 -5431 -5407 -5411 -5424 -5428 -5429 -5434 -5432 -5428 -5422 -5425 -5432 -5432 -5427 -5418 -5415 -5417 -5429 -5429 -5429 -5424
-5436 -5434 -5431 -5427 -5423 -5429 -5416 -5415 -5420 -5418 -5412 -5413 -5424 -5428 -5418 -5420 -5427 -5427 -5419 -5412 -5416 -5422 -5420 -5419 -5415 -5415 -5426 -5431 -5426 -5426 -5428 -5429 -5432 -5432 -5428 -5428 -5428 -5424 -5424 -5426 -5427 -5427 -5433 -5439 -5432 -5425 -5429 -5433 -5427 -5427 -5426 -5430 -5427 -5427 -5431 -5431 -5431 -5423 -5413 -5417 -5421 -5426 -5427 -5425 -5431 -5423 -5424 -5427 -5429 -5422 -5412 -5415 -5419 -5429 -5430 -5431 -5426
-5430 -5431 -5428 -5423 -5415 -5427 -5407 -5409 -5413 -5418 -5419 -5420 -5426 -5424 -5418 -5417 -5428 -5427 -5421 -5416 -5421 -5424 -5424 -5422 -5417 -5416 -5426 -5428 -5426 -5427 -5429 -5427 -5431 -5433 -5426 -5423 -5422 -5423 -5430 -5431 -5433 -5434 -5436 -5438 -5429 -5422 -5428 -5442 -5430 -5427 -5423 -5427 -5424 -5427 -5435 -5430 -5430 -5435 -5418 -5412 -5415 -5421 -5419 -5412 -5431 -5427 -5428 -5428 -5423 -5417 -5409 -5413 -5417 -5429 -5431 -5428 -5427
-5422 -5429 -5424 -5419 -5417 -5421 -5411 -5414 -5417 -5419 -5419 -5419 -5419 -5413 -5420 -5419 -5427 -5425 -5424 -5420 -5420 -5423 -5427 -5427 -5422 -5421 -5424 -5424 -5427 -5427 -5426 -5426 -5427 -5429 -5423 -5422 -5423 -5428 -5435 -5433 -5435 -5435 -5435 -5433 -5426 -5423 -5430 -5430 -5427 -5429 -5427 -5428 -5424 -5427 -5437 -5430 -5430 -5435 -5419 -5415 -5418 -5426 -5425 -5416 -5432 -5431 -5433 -5427 -5420 -5419 -5411 -5410 -5415 -5430 -5432 -5425 -5427
-5423 -5429 -5424 -5419 -5421 -5421 -5417 -5422 -5426 -5421 -5413 -5411 -5410 -5408 -5421 -5420 -5422 -5420 -5425 -5423 -5419 -5426 -5426 -5426 -5427 -5431 -5430 -5427 -5429 -5428 -5427 -5424 -5420 -5422 -5421 -5423 -5429 -5433 -5435 -5431 -5431 -5432 -5432 -5429 -5423 -5427 -5428 -5426 -5426 -5425 -5427 -5429 -5423 -5425 -5434 -5431 -5430 -5434 -5425 -5426 -5430 -5434 -5429 -5425 -5430 -5431 -5432 -5430 -5427 -5429 -5418 -5415 -5420 -5430 -5433 -5424 -5427
-5421 -5428 -5426 -5423 -5421 -5417 -5418 -5424 -5428 -5422 -5412 -5410 -5411 -5411 -5421 -5423 -5420 -5420 -5422 -5429 -5425 -5428 -5423 -5424 -5428 -5439 -5440 -5432 -5432 -5431 -5430 -5419 -5413 -5419 -5419 -5421 -5433 -5439 -5434 -5434 -5435 -5434 -5435 -5433 -5423 -5420 -5425 -5427 -5427 -5420 -5429 -5432 -5430 -5430 -5436 -5434 -5432 -5434 -5433 -5431 -5432 -5432 -5428 -5428 -5430 -5429 -5431 -5434 -5434 -5434 -5429 -5425 -5429 -5429 -5432 -5422 -5424
-5419 -5422 -5426 -5425 -5417 -5414 -5418 -5420 -5421 -5420 -5421 -5421 -5422 -5419 -5423 -5426 -5426 -5426 -5424 -5432 -5430 -5428 -5424 -5426 -5433 -5438 -5439 -5433 -5429 -5428 -5427 -5420 -5418 -5425 -5419 -5418 -5430 -5441 -5435 -5437 -5438 -5435 -5434 -5433 -5423 -5417 -5425 -5426 -5427 -5414 -5423 -5432 -5435 -5437 -5440 -5434 -5433 -5435 -5434 -5431 -5429 -5425 -5427 -5429 -5431 -5427 -5429 -5431 -5428 -5431 -5434 -5432 -5433 -5431 -5435 -5418 -5419
-5417 -5418 -5425 -5425 -5418 -5416 -5415 -5413 -5415 -5420 -5427 -5428 -5426 -5421 -5425 -5421 -5430 -5430 -5426 -5432 -5429 -5430 -5426 -5427 -5431 -5432 -5431 -5429 -5424 -5422 -5426 -5428 -5427 -5427 -5421 -5420 -5428 -5435 -5433 -5435 -5436 -5433 -5432 -5431 -5424 -5430 -5429 -5429 -5431 -5411 -5412 -5423 -5430 -5435 -5440 -5433 -5433 -5435 -5433 -5432 -5428 -5420 -5422 -5426 -5432 -5429 -5429 -5429 -5424 -5431 -5435 -5430 -5430 -5431 -5431 -5410 -5414
