data/crater_dem/crater0040.asc
ncols         221
nrows         221
xllcorner     -8609.7592311609
yllcorner     1549215.2351334
cellsize      59.2252938
NODATA_value  -9999
[rows 72 to 107 of 221, columns 81 to 161 of 221]
-1638 -1633 -1634 -1637 -1637 -1643 -1645 -1644 -1636 -1632 -1633 -1624 -1638 -1634 -1633 -1631 -1630 -1624 -1620 -1617 -1615 -1614 -1605 -1596 -1595 -1580 -1574 -1574 -1573 -1566 -1570 -1576 -1586 -1587 -1590 -1589 -1588 -1587 -1587 -1591 -1593 -1596 -1605 -1608 -1623 -1634 -1637 -1655 -1657 -1665 -1667 -1673 -1673 -1670 -1662 -1660 -1651 -1640 -1635 -1625 -1618 -1608 -1599 -1593 -1587 -1583 -1570 -1560 -1546 -1534 -1525 -1509 -1508 -1510 -1496 -1491 -1483 -1476 -1459 -1439 -1429
-1638 -1636 -1637 -1640 -1637 -1643 -1643 -1643 -1637 -1635 -1633 -1618 -1628 -1619 -1620 -1625 -1625 -1624 -1619 -1613 -1615 -1608 -1599 -1590 -1587 -1574 -1569 -1572 -1573 -1569 -1576 -1581 -1585 -1587 -1590 -1590 -1592 -1584 -1582 -1588 -1594 -1597 -1606 -1610 -1625 -1637 -1643 -1659 -1656 -1659 -1660 -1660 -1658 -1656 -1649 -1647 -1639 -1630 -1625 -1610 -1605 -1598 -1590 -1585 -1578 -1574 -1563 -1555 -1542 -1532 -1524 -1507 -1504 -1503 -1490 -1486 -1476 -1471 -1457 -1440 -1429
-1638 -1639 -1641 -1644 -1637 -1643 -1638 -1637 -1635 -1633 -1630 -1623 -1628 -1617 -1616 -1619 -1620 -1622 -1616 -1611 -1613 -1603 -1593 -1585 -1578 -1566 -1563 -1566 -1568 -1568 -1575 -1578 -1580 -1582 -1584 -1588 -1591 -1583 -1579 -1582 -1590 -1599 -1607 -1611 -1621 -1645 -1646 -1658 -1650 -1650 -1651 -1648 -1645 -1645 -1639 -1635 -1625 -1616 -1611 -1597 -1593 -1586 -1577 -1573 -1566 -1562 -1555 -1549 -1537 -1529 -1522 -1503 -1497 -1496 -1483 -1478 -1470 -1466 -1452 -1437 -1427
-1636 -1640 -1641 -1644 -1633 -1638 -1633 -1632 -1633 -1632 -1628 -1626 -1628 -1621 -1620 -1620 -1622 -1623 -1615 -1611 -1606 -1598 -1587 -1577 -1572 -1561 -1560 -1560 -1560 -1559 -1565 -1569 -1571 -1573 -1574 -1578 -1582 -1582 -1581 -1585 -1585 -1594 -1603 -1611 -1621 -1635 -1639 -1649 -1638 -1638 -1637 -1632 -1629 -1631 -1630 -1625 -1613 -1602 -1595 -1584 -1582 -1574 -1563 -1560 -1554 -1549 -1543 -1537 -1528 -1524 -1517 -1497 -1491 -1491 -1480 -1473 -1463 -1459 -1445 -1432 -1423
-1633 -1637 -1638 -1639 -1627 -1634 -1630 -1632 -1637 -1635 -1632 -1628 -1632 -1627 -1623 -1622 -1625 -1624 -1613 -1607 -1605 -1593 -1581 -1571 -1567 -1558 -1557 -1553 -1551 -1549 -1551 -1554 -1558 -1559 -1564 -1566 -1567 -1575 -1584 -1593 -1579 -1588 -1597 -1606 -1619 -1628 -1626 -1637 -1625 -1626 -1624 -1618 -1613 -1614 -1615 -1611 -1599 -1587 -1579 -1568 -1566 -1558 -1548 -1545 -1538 -1533 -1529 -1525 -1515 -1511 -1506 -1490 -1484 -1484 -1470 -1462 -1449 -1454 -1435 -1423 -1415
-1629 -1634 -1636 -1635 -1627 -1634 -1632 -1635 -1639 -1638 -1636 -1640 -1637 -1630 -1626 -1624 -1626 -1622 -1611 -1605 -1603 -1591 -1581 -1569 -1566 -1556 -1555 -1549 -1546 -1541 -1541 -1541 -1544 -1546 -1554 -1556 -1556 -1565 -1575 -1588 -1578 -1583 -1593 -1601 -1611 -1619 -1615 -1622 -1612 -1612 -1610 -1606 -1600 -1598 -1595 -1590 -1578 -1568 -1562 -1551 -1549 -1541 -1532 -1529 -1522 -1517 -1514 -1511 -1502 -1494 -1491 -1482 -1477 -1476 -1457 -1450 -1437 -1441 -1418 -1407 -1402
-1626 -1631 -1633 -1636 -1631 -1633 -1632 -1634 -1638 -1637 -1634 -1627 -1634 -1628 -1625 -1627 -1627 -1622 -1610 -1604 -1600 -1594 -1586 -1574 -1568 -1558 -1556 -1549 -1545 -1541 -1535 -1534 -1534 -1535 -1543 -1546 -1548 -1557 -1563 -1576 -1572 -1580 -1594 -1596 -1600 -1607 -1603 -1603 -1596 -1590 -1588 -1587 -1581 -1578 -1573 -1568 -1556 -1548 -1544 -1535 -1532 -1525 -1517 -1513 -1508 -1504 -1499 -1497 -1493 -1482 -1477 -1472 -1468 -1461 -1445 -1437 -1423 -1425 -1403 -1394 -1390
-1627 -1628 -1632 -1636 -1631 -1632 -1629 -1632 -1636 -1635 -1630 -1622 -1627 -1624 -1622 -1624 -1624 -1617 -1610 -1607 -1601 -1598 -1593 -1582 -1583 -1562 -1559 -1552 -1548 -1542 -1533 -1529 -1528 -1531 -1535 -1537 -1542 -1551 -1554 -1567 -1569 -1574 -1587 -1590 -1585 -1589 -1585 -1577 -1573 -1564 -1560 -1560 -1558 -1557 -1552 -1546 -1535 -1529 -1525 -1516 -1511 -1506 -1501 -1498 -1495 -1492 -1487 -1487 -1485 -1472 -1465 -1458 -1455 -1451 -1428 -1422 -1411 -1413 -1392 -1384 -1380
-1629 -1630 -1632 -1638 -1631 -1632 -1629 -1631 -1632 -1630 -1625 -1622 -1622 -1620 -1619 -1617 -1616 -1611 -1610 -1609 -1608 -1601 -1596 -1589 -1588 -1568 -1562 -1555 -1550 -1538 -1528 -1524 -1523 -1527 -1529 -1530 -1534 -1538 -1543 -1558 -1560 -1565 -1567 -1574 -1563 -1565 -1562 -1545 -1546 -1537 -1536 -1536 -1536 -1535 -1532 -1525 -1515 -1509 -1505 -1495 -1491 -1487 -1484 -1481 -1480 -1479 -1478 -1476 -1470 -1458 -1451 -1441 -1437 -1432 -1411 -1407 -1397 -1400 -1381 -1370 -1366
-1630 -1630 -1632 -1636 -1624 -1631 -1628 -1629 -1630 -1628 -1624 -1625 -1624 -1619 -1617 -1612 -1610 -1605 -1604 -1605 -1610 -1602 -1594 -1586 -1584 -1569 -1562 -1552 -1546 -1530 -1520 -1518 -1517 -1520 -1523 -1523 -1523 -1524 -1529 -1546 -1548 -1555 -1555 -1549 -1543 -1538 -1536 -1511 -1523 -1515 -1514 -1512 -1511 -1511 -1508 -1504 -1497 -1492 -1488 -1481 -1478 -1472 -1466 -1464 -1463 -1462 -1464 -1462 -1452 -1441 -1434 -1424 -1418 -1410 -1394 -1392 -1383 -1383 -1368 -1357 -1353
-1628 -1633 -1635 -1636 -1627 -1630 -1629 -1629 -1628 -1627 -1627 -1624 -1625 -1618 -1615 -1609 -1605 -1600 -1597 -1597 -1605 -1598 -1585 -1577 -1581 -1563 -1555 -1542 -1536 -1519 -1509 -1509 -1509 -1510 -1513 -1518 -1521 -1523 -1527 -1536 -1539 -1541 -1538 -1529 -1524 -1515 -1511 -1495 -1504 -1492 -1491 -1489 -1487 -1486 -1483 -1481 -1480 -1476 -1472 -1466 -1464 -1459 -1451 -1447 -1445 -1442 -1445 -1444 -1433 -1423 -1417 -1405 -1401 -1390 -1380 -1378 -1367 -1366 -1355 -1348 -1344
-1628 -1637 -1638 -1637 -1632 -1635 -1633 -1630 -1623 -1624 -1628 -1625 -1622 -1616 -1612 -1605 -1607 -1596 -1592 -1591 -1594 -1586 -1574 -1569 -1575 -1551 -1543 -1531 -1525 -1510 -1500 -1499 -1501 -1503 -1505 -1516 -1521 -1524 -1524 -1525 -1523 -1525 -1522 -1514 -1507 -1496 -1490 -1480 -1486 -1473 -1472 -1470 -1468 -1468 -1466 -1465 -1463 -1457 -1453 -1444 -1443 -1440 -1433 -1430 -1425 -1422 -1424 -1423 -1413 -1405 -1399 -1386 -1383 -1370 -1369 -1363 -1356 -1354 -1343 -1339 -1335
-1625 -1633 -1635 -1636 -1642 -1641 -1633 -1628 -1622 -1622 -1626 -1630 -1618 -1610 -1606 -1598 -1604 -1585 -1582 -1581 -1582 -1573 -1564 -1559 -1562 -1539 -1531 -1521 -1516 -1503 -1495 -1493 -1495 -1496 -1499 -1506 -1509 -1511 -1511 -1509 -1510 -1510 -1508 -1500 -1488 -1481 -1472 -1466 -1472 -1457 -1456 -1453 -1451 -1451 -1451 -1451 -1447 -1436 -1431 -1422 -1420 -1417 -1411 -1408 -1405 -1403 -1403 -1400 -1393 -1386 -1381 -1368 -1363 -1356 -1353 -1348 -1344 -1338 -1330 -1324 -1318
-1625 -1631 -1631 -1632 -1635 -1635 -1628 -1626 -1624 -1624 -1621 -1626 -1611 -1603 -1598 -1587 -1580 -1572 -1570 -1566 -1567 -1557 -1551 -1543 -1551 -1522 -1515 -1506 -1503 -1497 -1492 -1489 -1486 -1487 -1489 -1491 -1491 -1495 -1496 -1494 -1496 -1484 -1492 -1483 -1469 -1462 -1456 -1439 -1454 -1437 -1435 -1436 -1433 -1430 -1427 -1428 -1425 -1415 -1410 -1402 -1400 -1394 -1387 -1384 -1383 -1380 -1376 -1371 -1366 -1365 -1361 -1349 -1344 -1342 -1336 -1331 -1329 -1323 -1316 -1306 -1300
-1627 -1632 -1630 -1627 -1628 -1621 -1618 -1620 -1624 -1622 -1611 -1618 -1603 -1593 -1588 -1574 -1568 -1563 -1556 -1550 -1552 -1541 -1535 -1524 -1527 -1501 -1495 -1488 -1487 -1485 -1484 -1481 -1475 -1474 -1476 -1476 -1478 -1483 -1484 -1483 -1482 -1472 -1472 -1462 -1449 -1438 -1436 -1416 -1431 -1417 -1414 -1412 -1409 -1404 -1398 -1397 -1395 -1391 -1387 -1380 -1379 -1375 -1365 -1361 -1359 -1356 -1344 -1338 -1334 -1335 -1331 -1324 -1323 -1325 -1321 -1317 -1311 -1306 -1302 -1291 -1286
-1624 -1626 -1625 -1621 -1620 -1612 -1609 -1611 -1612 -1609 -1596 -1607 -1592 -1581 -1574 -1560 -1560 -1553 -1542 -1534 -1533 -1524 -1516 -1503 -1506 -1483 -1477 -1470 -1468 -1466 -1465 -1464 -1461 -1461 -1463 -1463 -1465 -1469 -1470 -1471 -1467 -1457 -1448 -1447 -1429 -1419 -1416 -1398 -1408 -1399 -1394 -1389 -1385 -1382 -1374 -1371 -1368 -1366 -1362 -1357 -1357 -1353 -1343 -1339 -1336 -1331 -1317 -1311 -1305 -1303 -1301 -1298 -1299 -1306 -1305 -1302 -1298 -1294 -1286 -1277 -1272
-1616 -1614 -1612 -1609 -1613 -1606 -1600 -1598 -1596 -1592 -1582 -1589 -1576 -1565 -1559 -1545 -1539 -1537 -1526 -1517 -1514 -1505 -1497 -1484 -1483 -1465 -1461 -1451 -1448 -1445 -1443 -1444 -1446 -1447 -1451 -1451 -1450 -1450 -1451 -1454 -1447 -1438 -1426 -1430 -1413 -1403 -1399 -1382 -1393 -1379 -1375 -1371 -1368 -1363 -1352 -1349 -1346 -1343 -1339 -1334 -1332 -1328 -1320 -1317 -1314 -1308 -1294 -1290 -1283 -1278 -1277 -1277 -1278 -1288 -1285 -1285 -1285 -1281 -1270 -1261 -1255
-1606 -1599 -1596 -1595 -1598 -1593 -1585 -1583 -1579 -1575 -1567 -1576 -1556 -1548 -1543 -1529 -1521 -1514 -1507 -1500 -1497 -1488 -1478 -1468 -1464 -1446 -1441 -1432 -1429 -1425 -1424 -1425 -1431 -1433 -1436 -1435 -1433 -1430 -1431 -1432 -1427 -1416 -1411 -1410 -1399 -1394 -1386 -1370 -1375 -1359 -1356 -1353 -1349 -1343 -1332 -1330 -1326 -1318 -1314 -1310 -1308 -1303 -1298 -1296 -1295 -1290 -1278 -1273 -1265 -1260 -1258 -1258 -1260 -1271 -1265 -1266 -1270 -1264 -1254 -1242 -1235
-1592 -1583 -1579 -1579 -1586 -1578 -1572 -1569 -1563 -1560 -1550 -1555 -1536 -1529 -1525 -1513 -1507 -1496 -1490 -1484 -1480 -1470 -1459 -1451 -1447 -1426 -1421 -1414 -1411 -1407 -1406 -1408 -1416 -1417 -1416 -1416 -1415 -1412 -1411 -1409 -1406 -1395 -1396 -1399 -1391 -1389 -1374 -1363 -1361 -1342 -1338 -1332 -1327 -1323 -1314 -1312 -1304 -1294 -1291 -1287 -1285 -1280 -1274 -1273 -1276 -1272 -1264 -1258 -1249 -1246 -1245 -1241 -1241 -1253 -1246 -1246 -1251 -1247 -1240 -1229 -1222
-1573 -1568 -1564 -1564 -1574 -1564 -1562 -1558 -1549 -1545 -1535 -1542 -1518 -1512 -1508 -1501 -1496 -1482 -1473 -1468 -1461 -1452 -1440 -1435 -1429 -1410 -1405 -1397 -1394 -1389 -1388 -1390 -1395 -1396 -1395 -1398 -1399 -1395 -1391 -1385 -1387 -1375 -1383 -1388 -1386 -1384 -1371 -1356 -1347 -1328 -1322 -1312 -1306 -1304 -1295 -1291 -1280 -1272 -1270 -1266 -1263 -1256 -1251 -1250 -1254 -1252 -1246 -1242 -1234 -1232 -1230 -1222 -1220 -1234 -1230 -1230 -1233 -1227 -1228 -1223 -1216
-1559 -1557 -1554 -1548 -1561 -1553 -1551 -1547 -1534 -1528 -1518 -1513 -1505 -1499 -1494 -1487 -1482 -1466 -1453 -1448 -1444 -1438 -1422 -1422 -1414 -1393 -1388 -1382 -1378 -1371 -1371 -1371 -1371 -1371 -1373 -1378 -1381 -1374 -1366 -1356 -1362 -1356 -1369 -1377 -1377 -1383 -1367 -1347 -1336 -1312 -1303 -1293 -1287 -1284 -1274 -1268 -1258 -1253 -1252 -1247 -1242 -1234 -1228 -1228 -1233 -1231 -1225 -1223 -1219 -1216 -1212 -1202 -1200 -1207 -1215 -1216 -1218 -1218 -1212 -1210 -1205
-1545 -1546 -1543 -1535 -1545 -1539 -1537 -1532 -1518 -1511 -1501 -1497 -1491 -1484 -1480 -1471 -1465 -1449 -1433 -1426 -1428 -1421 -1402 -1403 -1394 -1370 -1367 -1363 -1359 -1350 -1347 -1347 -1348 -1349 -1350 -1352 -1354 -1348 -1340 -1327 -1339 -1334 -1347 -1357 -1360 -1368 -1350 -1330 -1319 -1295 -1286 -1275 -1265 -1260 -1248 -1243 -1239 -1237 -1236 -1228 -1222 -1213 -1208 -1208 -1214 -1212 -1205 -1204 -1203 -1201 -1197 -1189 -1189 -1193 -1199 -1198 -1200 -1197 -1197 -1194 -1191
-1531 -1534 -1532 -1526 -1531 -1525 -1521 -1517 -1505 -1498 -1486 -1481 -1473 -1466 -1462 -1452 -1445 -1431 -1417 -1409 -1409 -1400 -1378 -1380 -1368 -1347 -1344 -1340 -1336 -1326 -1321 -1321 -1326 -1329 -1330 -1325 -1324 -1323 -1319 -1308 -1318 -1311 -1325 -1333 -1335 -1345 -1328 -1309 -1295 -1276 -1268 -1255 -1241 -1235 -1223 -1218 -1217 -1216 -1214 -1205 -1198 -1192 -1189 -1189 -1197 -1198 -1195 -1192 -1190 -1189 -1185 -1181 -1183 -1195 -1185 -1183 -1186 -1185 -1183 -1180 -1179
-1517 -1519 -1518 -1515 -1519 -1508 -1504 -1501 -1493 -1486 -1473 -1467 -1456 -1447 -1443 -1430 -1421 -1409 -1397 -1391 -1387 -1375 -1353 -1354 -1341 -1323 -1319 -1314 -1311 -1303 -1296 -1296 -1300 -1303 -1303 -1298 -1295 -1294 -1295 -1289 -1289 -1285 -1293 -1298 -1301 -1315 -1300 -1288 -1277 -1252 -1244 -1231 -1216 -1211 -1199 -1195 -1192 -1191 -1188 -1181 -1177 -1173 -1172 -1172 -1181 -1183 -1183 -1180 -1175 -1177 -1175 -1173 -1176 -1179 -1172 -1169 -1177 -1175 -1169 -1168 -1168
-1502 -1502 -1502 -1502 -1509 -1493 -1486 -1486 -1479 -1472 -1459 -1452 -1441 -1432 -1426 -1406 -1400 -1383 -1370 -1365 -1361 -1349 -1332 -1327 -1318 -1301 -1297 -1294 -1292 -1284 -1276 -1274 -1273 -1273 -1270 -1267 -1265 -1263 -1261 -1256 -1261 -1254 -1265 -1270 -1263 -1282 -1263 -1262 -1249 -1226 -1221 -1209 -1196 -1189 -1179 -1177 -1174 -1169 -1165 -1159 -1157 -1158 -1158 -1160 -1169 -1167 -1167 -1165 -1161 -1163 -1162 -1163 -1165 -1164 -1156 -1153 -1158 -1153 -1155 -1152 -1151
-1487 -1488 -1489 -1491 -1498 -1479 -1470 -1470 -1461 -1455 -1445 -1438 -1428 -1417 -1409 -1392 -1382 -1361 -1347 -1344 -1335 -1323 -1318 -1309 -1304 -1297 -1294 -1290 -1287 -1276 -1265 -1259 -1249 -1246 -1239 -1236 -1237 -1234 -1231 -1224 -1226 -1226 -1238 -1239 -1230 -1246 -1225 -1232 -1216 -1201 -1198 -1189 -1178 -1172 -1165 -1163 -1159 -1151 -1144 -1137 -1138 -1140 -1142 -1145 -1155 -1153 -1151 -1150 -1149 -1151 -1152 -1152 -1151 -1148 -1144 -1143 -1147 -1142 -1145 -1136 -1132
-1471 -1473 -1475 -1476 -1482 -1466 -1456 -1454 -1444 -1439 -1431 -1425 -1414 -1400 -1391 -1374 -1364 -1342 -1328 -1325 -1316 -1312 -1315 -1322 -1313 -1315 -1312 -1307 -1301 -1286 -1268 -1258 -1238 -1230 -1217 -1209 -1207 -1204 -1201 -1198 -1199 -1199 -1217 -1212 -1201 -1209 -1190 -1201 -1187 -1177 -1173 -1165 -1157 -1153 -1146 -1144 -1140 -1134 -1127 -1118 -1119 -1120 -1122 -1123 -1136 -1135 -1135 -1136 -1137 -1141 -1143 -1142 -1139 -1134 -1134 -1134 -1136 -1132 -1131 -1121 -1115
-1456 -1457 -1458 -1455 -1468 -1448 -1440 -1436 -1428 -1423 -1416 -1411 -1397 -1384 -1375 -1357 -1347 -1323 -1309 -1307 -1306 -1311 -1326 -1347 -1334 -1347 -1346 -1342 -1337 -1315 -1289 -1275 -1244 -1231 -1207 -1188 -1181 -1173 -1171 -1172 -1170 -1174 -1182 -1182 -1173 -1182 -1164 -1174 -1165 -1155 -1150 -1143 -1135 -1133 -1126 -1122 -1122 -1121 -1117 -1105 -1102 -1101 -1103 -1105 -1118 -1120 -1121 -1121 -1124 -1128 -1130 -1129 -1126 -1123 -1123 -1123 -1128 -1122 -1116 -1107 -1100
-1443 -1442 -1440 -1438 -1448 -1431 -1421 -1417 -1411 -1406 -1398 -1391 -1376 -1366 -1359 -1340 -1328 -1304 -1293 -1294 -1307 -1316 -1347 -1388 -1367 -1396 -1395 -1391 -1385 -1362 -1329 -1311 -1270 -1249 -1208 -1175 -1162 -1146 -1142 -1144 -1143 -1149 -1152 -1159 -1147 -1159 -1145 -1151 -1143 -1134 -1130 -1121 -1114 -1112 -1107 -1104 -1105 -1110 -1108 -1095 -1087 -1082 -1087 -1088 -1098 -1101 -1102 -1103 -1108 -1114 -1115 -1114 -1113 -1114 -1115 -1115 -1122 -1117 -1105 -1095 -1089
-1431 -1426 -1424 -1423 -1430 -1417 -1406 -1402 -1392 -1387 -1378 -1371 -1357 -1347 -1340 -1321 -1311 -1293 -1288 -1295 -1320 -1331 -1376 -1431 -1413 -1454 -1455 -1451 -1445 -1419 -1383 -1361 -1307 -1276 -1216 -1167 -1150 -1125 -1118 -1116 -1116 -1124 -1134 -1138 -1124 -1133 -1123 -1131 -1121 -1110 -1107 -1098 -1092 -1090 -1086 -1084 -1085 -1089 -1087 -1078 -1073 -1067 -1067 -1067 -1075 -1076 -1081 -1084 -1093 -1099 -1099 -1102 -1103 -1108 -1110 -1108 -1119 -1111 -1094 -1082 -1077
-1414 -1410 -1408 -1408 -1417 -1403 -1394 -1389 -1376 -1370 -1360 -1353 -1339 -1326 -1318 -1301 -1294 -1286 -1294 -1307 -1334 -1352 -1409 -1457 -1476 -1508 -1512 -1511 -1505 -1477 -1439 -1412 -1343 -1303 -1227 -1164 -1140 -1106 -1095 -1088 -1085 -1096 -1109 -1118 -1102 -1114 -1096 -1105 -1090 -1083 -1081 -1074 -1069 -1068 -1063 -1063 -1063 -1063 -1062 -1058 -1056 -1050 -1046 -1046 -1054 -1055 -1060 -1065 -1076 -1082 -1083 -1089 -1093 -1098 -1099 -1098 -1100 -1098 -1081 -1066 -1060
-1395 -1393 -1394 -1394 -1404 -1389 -1380 -1374 -1360 -1354 -1341 -1334 -1317 -1301 -1293 -1271 -1274 -1276 -1298 -1318 -1353 -1368 -1445 -1504 -1519 -1566 -1573 -1569 -1561 -1531 -1480 -1447 -1365 -1318 -1234 -1162 -1132 -1086 -1073 -1064 -1061 -1070 -1088 -1098 -1082 -1085 -1070 -1076 -1063 -1058 -1056 -1050 -1047 -1047 -1046 -1044 -1044 -1044 -1044 -1043 -1041 -1030 -1023 -1024 -1035 -1036 -1040 -1045 -1057 -1063 -1065 -1075 -1081 -1086 -1087 -1088 -1091 -1090 -1071 -1053 -1046
-1379 -1376 -1377 -1379 -1387 -1377 -1367 -1361 -1346 -1338 -1322 -1314 -1293 -1274 -1266 -1253 -1251 -1265 -1300 -1325 -1369 -1399 -1481 -1555 -1582 -1622 -1628 -1619 -1608 -1573 -1504 -1463 -1370 -1320 -1231 -1159 -1126 -1071 -1053 -1043 -1040 -1045 -1060 -1072 -1060 -1051 -1046 -1048 -1039 -1036 -1034 -1028 -1027 -1026 -1025 -1024 -1026 -1029 -1030 -1029 -1025 -1009 -1003 -1004 -1018 -1020 -1024 -1029 -1040 -1048 -1051 -1063 -1071 -1077 -1079 -1081 -1085 -1077 -1069 -1048 -1040
-1368 -1363 -1361 -1363 -1371 -1368 -1360 -1351 -1332 -1320 -1303 -1294 -1270 -1247 -1239 -1227 -1229 -1254 -1300 -1327 -1380 -1415 -1508 -1594 -1635 -1655 -1657 -1640 -1626 -1585 -1505 -1457 -1364 -1316 -1226 -1150 -1116 -1056 -1035 -1019 -1016 -1023 -1032 -1048 -1036 -1030 -1024 -1031 -1021 -1018 -1017 -1009 -1006 -1006 -1005 -1004 -1007 -1011 -1013 -1010 -1004 -989 -986 -986 -1000 -1003 -1009 -1015 -1025 -1037 -1041 -1052 -1058 -1066 -1070 -1071 -1074 -1067 -1062 -1041 -1032
-1361 -1355 -1350 -1353 -1363 -1363 -1355 -1345 -1317 -1303 -1282 -1273 -1249 -1221 -1210 -1200 -1204 -1239 -1293 -1323 -1391 -1423 -1524 -1626 -1648 -1641 -1643 -1624 -1617 -1569 -1481 -1434 -1349 -1305 -1217 -1138 -1102 -1039 -1018 -997 -996 -1003 -1009 -1025 -1013 -1008 -1003 -1012 -1000 -999 -1000 -990 -986 -987 -986 -985 -986 -990 -992 -987 -980 -971 -972 -971 -978 -980 -988 -994 -1007 -1022 -1028 -1037 -1044 -1053 -1057 -1057 -1057 -1058 -1044 -1026 -1018
-1348 -1340 -1336 -1338 -1353 -1348 -1343 -1333 -1304 -1288 -1263 -1253 -1227 -1196 -1183 -1173 -1179 -1221 -1280 -1312 -1392 -1425 -1514 -1577 -1591 -1581 -1581 -1568 -1537 -1501 -1433 -1394 -1321 -1281 -1196 -1121 -1085 -1022 -999 -976 -976 -981 -988 -1002 -988 -986 -981 -975 -980 -973 -973 -965 -965 -967 -965 -962 -961 -966 -968 -964 -959 -954 -956 -955 -957 -958 -968 -975 -989 -1004 -1012 -1024 -1030 -1041 -1046 -1046 -1041 -1043 -1025 -1011 -1004
