data/crater_dem/crater0040.asc
ncols         221
nrows         221
xllcorner     -8609.7592311609
yllcorner     1549215.2351334
cellsize      59.2252938
NODATA_value  -9999
[rows 108 to 143 of 221, columns 0 to 80 of 221]
-1126 -1132 -1132 -1141 -1150 -1152 -1154 -1158 -1170 -1180 -1186 -1203 -1207 -1220 -1229 -1236 -1248 -1255 -1270 -1281 -1299 -1315 -1335 -1351 -1366 -1389 -1403 -1409 -1412 -1414 -1406 -1398 -1393 -1385 -1384 -1385 -1382 -1373 -1370 -1378 -1368 -1373 -1383 -1389 -1388 -1397 -1403 -1414 -1418 -1419 -1422 -1421 -1417 -1412 -1408 -1406 -1406 -1405 -1402 -1398 -1394 -1390 -1377 -1371 -1368 -1353 -1339 -1337 -1346 -1341 -1340 -1340 -1337 -1336 -1336 -1335 -1333 -1333 -1330 -1324 -1324
-1130 -1133 -1135 -1140 -1147 -1152 -1156 -1157 -1166 -1177 -1183 -1203 -1204 -1213 -1220 -1225 -1236 -1243 -1258 -1266 -1285 -1305 -1322 -1337 -1350 -1372 -1387 -1392 -1394 -1400 -1388 -1382 -1379 -1373 -1370 -1368 -1365 -1358 -1353 -1355 -1343 -1347 -1359 -1367 -1371 -1380 -1386 -1400 -1405 -1406 -1406 -1404 -1399 -1394 -1391 -1389 -1388 -1384 -1380 -1374 -1370 -1364 -1349 -1342 -1341 -1329 -1320 -1319 -1320 -1319 -1323 -1324 -1321 -1320 -1314 -1312 -1314 -1316 -1314 -1308 -1307
-1133 -1136 -1139 -1139 -1150 -1148 -1154 -1154 -1163 -1176 -1181 -1192 -1200 -1203 -1211 -1215 -1225 -1232 -1245 -1252 -1271 -1291 -1305 -1325 -1329 -1350 -1366 -1371 -1372 -1383 -1371 -1364 -1361 -1356 -1353 -1348 -1346 -1342 -1339 -1334 -1325 -1328 -1340 -1351 -1357 -1367 -1375 -1390 -1392 -1391 -1392 -1390 -1384 -1378 -1375 -1372 -1370 -1362 -1357 -1349 -1340 -1333 -1321 -1315 -1313 -1304 -1296 -1294 -1293 -1296 -1301 -1302 -1301 -1299 -1295 -1294 -1296 -1297 -1298 -1292 -1290
-1134 -1144 -1146 -1140 -1139 -1144 -1151 -1154 -1163 -1174 -1179 -1186 -1191 -1194 -1203 -1207 -1215 -1220 -1233 -1241 -1257 -1274 -1290 -1306 -1309 -1328 -1346 -1352 -1353 -1364 -1356 -1348 -1343 -1337 -1334 -1331 -1329 -1326 -1324 -1320 -1318 -1321 -1330 -1346 -1349 -1361 -1367 -1378 -1374 -1372 -1374 -1372 -1365 -1359 -1358 -1353 -1349 -1338 -1333 -1322 -1310 -1302 -1294 -1290 -1288 -1279 -1269 -1272 -1274 -1272 -1276 -1277 -1276 -1276 -1274 -1274 -1275 -1275 -1275 -1271 -1268
-1137 -1146 -1149 -1143 -1141 -1143 -1149 -1153 -1160 -1171 -1178 -1182 -1190 -1188 -1193 -1197 -1204 -1207 -1221 -1230 -1244 -1257 -1274 -1287 -1292 -1308 -1326 -1331 -1337 -1356 -1341 -1332 -1326 -1319 -1316 -1315 -1315 -1316 -1318 -1312 -1317 -1320 -1327 -1341 -1341 -1357 -1361 -1363 -1357 -1355 -1354 -1352 -1341 -1336 -1335 -1331 -1325 -1313 -1307 -1296 -1283 -1276 -1269 -1267 -1268 -1254 -1248 -1250 -1249 -1249 -1250 -1251 -1253 -1254 -1253 -1252 -1251 -1250 -1248 -1244 -1242
-1138 -1142 -1144 -1147 -1147 -1148 -1151 -1153 -1159 -1166 -1171 -1175 -1181 -1184 -1184 -1187 -1195 -1198 -1209 -1217 -1230 -1245 -1261 -1274 -1277 -1291 -1305 -1310 -1318 -1334 -1323 -1315 -1310 -1303 -1301 -1301 -1303 -1308 -1316 -1311 -1321 -1324 -1326 -1339 -1336 -1352 -1355 -1350 -1344 -1342 -1337 -1334 -1320 -1311 -1310 -1305 -1300 -1286 -1280 -1268 -1257 -1253 -1249 -1247 -1244 -1232 -1229 -1225 -1226 -1225 -1224 -1225 -1231 -1233 -1233 -1232 -1230 -1227 -1223 -1218 -1217
-1141 -1139 -1141 -1148 -1150 -1150 -1154 -1156 -1162 -1165 -1165 -1171 -1173 -1180 -1180 -1182 -1191 -1194 -1200 -1205 -1220 -1234 -1250 -1263 -1262 -1277 -1291 -1295 -1300 -1319 -1302 -1299 -1295 -1289 -1289 -1293 -1296 -1305 -1318 -1320 -1323 -1324 -1324 -1333 -1335 -1342 -1343 -1337 -1328 -1325 -1317 -1314 -1302 -1291 -1289 -1280 -1274 -1258 -1251 -1242 -1233 -1231 -1230 -1229 -1217 -1211 -1210 -1206 -1207 -1200 -1201 -1202 -1207 -1208 -1210 -1211 -1209 -1205 -1201 -1197 -1197
-1142 -1138 -1143 -1151 -1147 -1147 -1156 -1159 -1167 -1170 -1168 -1170 -1170 -1177 -1180 -1182 -1187 -1189 -1190 -1198 -1211 -1222 -1243 -1255 -1248 -1267 -1278 -1281 -1282 -1290 -1283 -1284 -1281 -1276 -1279 -1288 -1292 -1302 -1315 -1330 -1317 -1317 -1319 -1336 -1330 -1328 -1325 -1319 -1311 -1307 -1296 -1292 -1283 -1273 -1269 -1259 -1252 -1235 -1229 -1221 -1213 -1210 -1207 -1203 -1191 -1188 -1183 -1180 -1184 -1179 -1179 -1181 -1185 -1187 -1190 -1191 -1189 -1184 -1181 -1178 -1176
-1143 -1138 -1143 -1152 -1154 -1147 -1159 -1165 -1172 -1176 -1176 -1179 -1177 -1179 -1178 -1179 -1181 -1181 -1184 -1188 -1200 -1210 -1229 -1239 -1236 -1253 -1262 -1264 -1266 -1267 -1268 -1271 -1268 -1267 -1272 -1284 -1289 -1296 -1305 -1325 -1306 -1307 -1316 -1322 -1320 -1311 -1306 -1299 -1292 -1288 -1276 -1271 -1262 -1252 -1247 -1238 -1233 -1219 -1212 -1203 -1196 -1191 -1184 -1180 -1167 -1167 -1159 -1156 -1159 -1159 -1158 -1159 -1164 -1167 -1173 -1173 -1170 -1166 -1164 -1156 -1153
-1140 -1143 -1147 -1156 -1151 -1150 -1161 -1166 -1176 -1182 -1185 -1186 -1185 -1185 -1178 -1179 -1177 -1177 -1178 -1179 -1187 -1201 -1213 -1229 -1226 -1236 -1245 -1249 -1254 -1258 -1261 -1266 -1265 -1264 -1269 -1281 -1286 -1293 -1296 -1297 -1296 -1298 -1309 -1305 -1303 -1292 -1288 -1281 -1273 -1268 -1256 -1250 -1239 -1230 -1226 -1217 -1212 -1202 -1195 -1185 -1177 -1173 -1163 -1158 -1149 -1148 -1141 -1137 -1138 -1137 -1135 -1137 -1145 -1149 -1156 -1157 -1151 -1148 -1145 -1133 -1130
-1135 -1148 -1152 -1156 -1155 -1156 -1164 -1168 -1176 -1186 -1189 -1195 -1191 -1185 -1183 -1184 -1177 -1175 -1172 -1175 -1178 -1193 -1208 -1215 -1215 -1221 -1230 -1236 -1249 -1252 -1258 -1265 -1265 -1264 -1267 -1279 -1282 -1286 -1287 -1286 -1284 -1285 -1289 -1288 -1283 -1275 -1271 -1264 -1253 -1247 -1235 -1229 -1219 -1209 -1205 -1197 -1193 -1184 -1178 -1165 -1157 -1151 -1142 -1138 -1134 -1127 -1124 -1120 -1115 -1117 -1115 -1118 -1129 -1132 -1136 -1137 -1133 -1127 -1122 -1111 -1108
-1133 -1149 -1153 -1157 -1160 -1164 -1170 -1172 -1181 -1193 -1196 -1193 -1190 -1184 -1187 -1187 -1179 -1174 -1166 -1173 -1175 -1186 -1196 -1197 -1204 -1211 -1221 -1227 -1241 -1247 -1256 -1264 -1265 -1264 -1268 -1277 -1278 -1276 -1271 -1270 -1272 -1272 -1267 -1271 -1266 -1260 -1254 -1243 -1231 -1225 -1214 -1210 -1201 -1187 -1182 -1176 -1172 -1166 -1160 -1147 -1137 -1132 -1124 -1121 -1114 -1107 -1102 -1102 -1098 -1099 -1100 -1102 -1112 -1113 -1113 -1114 -1114 -1106 -1100 -1089 -1086
-1129 -1144 -1150 -1160 -1167 -1171 -1177 -1180 -1189 -1202 -1202 -1195 -1194 -1186 -1188 -1187 -1177 -1172 -1170 -1169 -1171 -1180 -1188 -1190 -1197 -1205 -1216 -1222 -1234 -1244 -1251 -1261 -1263 -1263 -1267 -1274 -1274 -1270 -1262 -1260 -1262 -1262 -1252 -1254 -1249 -1240 -1234 -1221 -1212 -1208 -1197 -1192 -1180 -1166 -1161 -1153 -1150 -1143 -1138 -1130 -1120 -1114 -1109 -1104 -1094 -1088 -1083 -1081 -1072 -1083 -1085 -1086 -1093 -1095 -1093 -1092 -1092 -1085 -1079 -1067 -1063
-1123 -1135 -1143 -1159 -1168 -1174 -1186 -1191 -1201 -1204 -1202 -1200 -1198 -1189 -1189 -1187 -1174 -1167 -1161 -1160 -1163 -1176 -1185 -1188 -1192 -1201 -1212 -1220 -1228 -1241 -1243 -1257 -1260 -1263 -1265 -1270 -1271 -1267 -1259 -1255 -1251 -1247 -1238 -1234 -1233 -1221 -1215 -1204 -1194 -1191 -1179 -1171 -1156 -1146 -1141 -1133 -1129 -1120 -1115 -1109 -1100 -1095 -1088 -1084 -1079 -1068 -1056 -1056 -1050 -1064 -1067 -1068 -1070 -1070 -1070 -1069 -1068 -1061 -1055 -1046 -1039
-1124 -1129 -1138 -1156 -1171 -1179 -1192 -1201 -1211 -1206 -1204 -1206 -1201 -1192 -1189 -1185 -1170 -1163 -1154 -1150 -1153 -1168 -1181 -1184 -1189 -1198 -1212 -1217 -1224 -1238 -1239 -1256 -1260 -1261 -1261 -1264 -1265 -1258 -1249 -1245 -1237 -1232 -1224 -1215 -1216 -1205 -1201 -1190 -1177 -1172 -1160 -1152 -1136 -1126 -1121 -1112 -1110 -1100 -1095 -1085 -1076 -1072 -1064 -1060 -1052 -1048 -1038 -1038 -1033 -1042 -1045 -1046 -1044 -1043 -1041 -1040 -1041 -1034 -1029 -1024 -1017
-1112 -1125 -1134 -1155 -1174 -1183 -1197 -1206 -1216 -1213 -1211 -1209 -1204 -1191 -1184 -1179 -1165 -1160 -1150 -1146 -1147 -1158 -1172 -1174 -1185 -1197 -1213 -1214 -1221 -1236 -1242 -1253 -1254 -1254 -1252 -1252 -1252 -1245 -1236 -1231 -1225 -1221 -1211 -1203 -1200 -1190 -1187 -1175 -1161 -1155 -1144 -1136 -1119 -1106 -1100 -1092 -1091 -1083 -1076 -1065 -1056 -1051 -1042 -1037 -1033 -1029 -1021 -1020 -1013 -1017 -1020 -1021 -1018 -1017 -1013 -1011 -1009 -1004 -1000 -995 -989
-1105 -1121 -1130 -1149 -1167 -1176 -1194 -1204 -1215 -1215 -1214 -1210 -1205 -1188 -1177 -1171 -1158 -1156 -1151 -1146 -1144 -1151 -1160 -1168 -1176 -1192 -1211 -1214 -1221 -1238 -1238 -1242 -1242 -1242 -1240 -1238 -1237 -1231 -1222 -1218 -1213 -1208 -1199 -1189 -1189 -1177 -1170 -1157 -1143 -1138 -1127 -1121 -1104 -1087 -1081 -1077 -1075 -1068 -1062 -1049 -1040 -1035 -1021 -1016 -1008 -1006 -1002 -997 -989 -991 -990 -989 -989 -990 -987 -984 -979 -973 -969 -960 -955
-1098 -1114 -1122 -1138 -1153 -1162 -1181 -1189 -1200 -1204 -1205 -1202 -1195 -1181 -1168 -1164 -1154 -1152 -1146 -1140 -1139 -1148 -1155 -1163 -1167 -1190 -1207 -1211 -1218 -1230 -1228 -1228 -1228 -1228 -1227 -1226 -1225 -1216 -1208 -1205 -1200 -1195 -1186 -1175 -1177 -1162 -1153 -1138 -1126 -1122 -1111 -1106 -1090 -1074 -1069 -1064 -1062 -1057 -1054 -1039 -1024 -1016 -999 -995 -986 -980 -978 -975 -964 -967 -961 -960 -961 -961 -960 -957 -950 -944 -939 -927 -921
-1088 -1103 -1109 -1123 -1138 -1147 -1162 -1167 -1176 -1183 -1184 -1190 -1178 -1167 -1158 -1155 -1149 -1145 -1131 -1125 -1129 -1144 -1150 -1157 -1162 -1187 -1201 -1205 -1212 -1218 -1218 -1217 -1219 -1219 -1219 -1219 -1216 -1204 -1197 -1195 -1189 -1183 -1173 -1167 -1157 -1144 -1137 -1124 -1113 -1107 -1096 -1089 -1077 -1064 -1059 -1050 -1047 -1042 -1039 -1025 -1005 -995 -974 -970 -964 -954 -948 -934 -939 -940 -935 -933 -934 -932 -930 -927 -922 -914 -909 -895 -889
-1072 -1088 -1094 -1106 -1124 -1132 -1142 -1146 -1153 -1159 -1160 -1168 -1158 -1148 -1141 -1139 -1135 -1130 -1112 -1109 -1118 -1135 -1147 -1148 -1155 -1175 -1190 -1195 -1201 -1206 -1205 -1205 -1206 -1207 -1207 -1205 -1204 -1196 -1190 -1186 -1175 -1170 -1163 -1152 -1142 -1129 -1124 -1111 -1099 -1093 -1079 -1073 -1061 -1050 -1043 -1033 -1028 -1019 -1015 -1001 -984 -973 -953 -947 -937 -927 -923 -915 -910 -907 -905 -903 -902 -900 -895 -894 -891 -884 -877 -862 -857
-1048 -1070 -1078 -1094 -1112 -1118 -1124 -1128 -1135 -1139 -1139 -1142 -1142 -1130 -1122 -1119 -1117 -1114 -1109 -1098 -1107 -1120 -1136 -1139 -1147 -1162 -1175 -1180 -1187 -1193 -1187 -1186 -1187 -1189 -1188 -1188 -1188 -1185 -1178 -1172 -1163 -1160 -1154 -1142 -1130 -1124 -1118 -1097 -1084 -1078 -1063 -1057 -1046 -1032 -1024 -1013 -1009 -999 -992 -976 -958 -949 -933 -927 -913 -903 -903 -893 -885 -877 -872 -870 -866 -864 -860 -858 -855 -851 -844 -829 -823
-1031 -1052 -1061 -1081 -1099 -1105 -1111 -1114 -1119 -1124 -1124 -1126 -1125 -1114 -1104 -1100 -1099 -1100 -1089 -1089 -1094 -1104 -1119 -1128 -1136 -1151 -1164 -1168 -1171 -1177 -1170 -1169 -1170 -1171 -1170 -1170 -1171 -1169 -1162 -1157 -1150 -1148 -1140 -1131 -1120 -1116 -1110 -1086 -1068 -1062 -1046 -1040 -1032 -1016 -1007 -995 -991 -979 -972 -954 -938 -932 -913 -904 -894 -879 -882 -869 -861 -852 -844 -841 -833 -830 -828 -825 -820 -819 -813 -799 -792
-1018 -1033 -1042 -1063 -1083 -1089 -1097 -1099 -1103 -1107 -1105 -1108 -1109 -1095 -1086 -1082 -1081 -1082 -1075 -1074 -1082 -1094 -1099 -1118 -1124 -1139 -1152 -1154 -1154 -1164 -1156 -1156 -1157 -1157 -1156 -1156 -1156 -1153 -1146 -1142 -1141 -1130 -1124 -1117 -1107 -1096 -1090 -1071 -1053 -1045 -1029 -1022 -1013 -997 -989 -977 -972 -958 -951 -932 -919 -912 -890 -877 -866 -853 -860 -845 -833 -826 -818 -813 -804 -799 -796 -793 -788 -785 -781 -770 -763
-1000 -1013 -1022 -1040 -1060 -1068 -1077 -1079 -1084 -1087 -1084 -1087 -1083 -1074 -1065 -1061 -1060 -1060 -1055 -1056 -1070 -1084 -1091 -1105 -1110 -1127 -1137 -1138 -1142 -1145 -1146 -1142 -1142 -1142 -1142 -1142 -1141 -1138 -1129 -1126 -1117 -1113 -1109 -1103 -1092 -1077 -1070 -1052 -1036 -1028 -1012 -1004 -991 -976 -969 -956 -949 -935 -928 -909 -892 -885 -862 -850 -827 -827 -830 -813 -806 -797 -790 -787 -778 -774 -767 -764 -757 -751 -747 -739 -735
-977 -991 -999 -1017 -1035 -1044 -1053 -1055 -1061 -1063 -1063 -1068 -1066 -1054 -1045 -1042 -1038 -1036 -1035 -1039 -1055 -1068 -1073 -1093 -1098 -1114 -1119 -1122 -1130 -1148 -1134 -1127 -1125 -1124 -1125 -1123 -1122 -1120 -1113 -1110 -1102 -1097 -1092 -1088 -1074 -1060 -1055 -1037 -1020 -1012 -995 -986 -971 -956 -949 -932 -923 -910 -904 -885 -864 -855 -835 -824 -805 -800 -797 -783 -777 -768 -762 -758 -751 -748 -739 -733 -725 -717 -714 -707 -702
-963 -971 -980 -999 -1012 -1019 -1026 -1029 -1034 -1037 -1038 -1043 -1043 -1030 -1023 -1020 -1014 -1012 -1015 -1021 -1036 -1050 -1064 -1077 -1086 -1097 -1100 -1103 -1111 -1117 -1115 -1112 -1111 -1109 -1109 -1105 -1104 -1102 -1097 -1093 -1085 -1081 -1072 -1068 -1054 -1040 -1036 -1020 -1002 -994 -976 -968 -953 -936 -927 -909 -900 -884 -877 -861 -840 -830 -809 -799 -790 -774 -771 -753 -746 -739 -734 -730 -720 -715 -704 -700 -692 -682 -679 -671 -666
-947 -957 -966 -982 -991 -995 -998 -999 -1004 -1009 -1009 -1020 -1018 -1003 -995 -993 -987 -987 -995 -1003 -1020 -1035 -1040 -1062 -1069 -1077 -1079 -1082 -1090 -1099 -1094 -1095 -1096 -1094 -1094 -1092 -1090 -1089 -1081 -1076 -1068 -1064 -1054 -1051 -1035 -1021 -1015 -998 -980 -972 -956 -948 -933 -914 -905 -885 -875 -858 -851 -836 -816 -805 -786 -778 -766 -747 -739 -727 -716 -710 -706 -701 -686 -679 -668 -665 -659 -647 -642 -633 -628
-934 -939 -945 -958 -966 -970 -972 -972 -974 -977 -979 -990 -985 -975 -967 -965 -964 -966 -978 -987 -1006 -1018 -1022 -1043 -1051 -1055 -1060 -1063 -1069 -1078 -1076 -1074 -1074 -1076 -1077 -1078 -1076 -1074 -1066 -1060 -1057 -1050 -1039 -1036 -1016 -999 -991 -972 -956 -949 -934 -926 -909 -891 -882 -862 -853 -836 -829 -813 -790 -779 -763 -755 -741 -719 -711 -696 -687 -678 -671 -665 -650 -643 -634 -630 -624 -613 -607 -597 -591
-910 -912 -916 -928 -937 -943 -948 -947 -946 -946 -947 -956 -951 -945 -939 -938 -945 -952 -963 -971 -991 -1002 -1006 -1025 -1035 -1039 -1044 -1047 -1051 -1062 -1060 -1055 -1055 -1059 -1060 -1060 -1058 -1056 -1050 -1044 -1043 -1035 -1021 -1017 -996 -977 -967 -947 -931 -924 -911 -903 -885 -868 -860 -841 -830 -814 -807 -791 -767 -755 -736 -728 -708 -691 -682 -667 -657 -646 -634 -627 -614 -609 -599 -595 -588 -580 -576 -565 -559
-890 -888 -891 -900 -909 -915 -922 -924 -924 -921 -921 -925 -922 -916 -914 -915 -927 -937 -950 -956 -974 -986 -993 -1011 -1018 -1023 -1031 -1033 -1035 -1045 -1044 -1041 -1041 -1046 -1045 -1041 -1039 -1039 -1032 -1027 -1027 -1021 -1005 -1000 -977 -956 -946 -925 -907 -900 -886 -877 -859 -844 -837 -819 -809 -791 -783 -767 -744 -731 -708 -698 -677 -664 -654 -642 -626 -617 -602 -594 -583 -577 -568 -562 -555 -549 -545 -536 -530
-868 -871 -874 -880 -886 -890 -898 -902 -905 -902 -900 -898 -895 -894 -898 -899 -910 -920 -933 -941 -958 -972 -975 -997 -1005 -1012 -1018 -1019 -1021 -1029 -1024 -1024 -1026 -1027 -1025 -1020 -1020 -1021 -1015 -1011 -1012 -1002 -985 -982 -956 -936 -926 -904 -886 -877 -861 -852 -835 -820 -812 -795 -785 -768 -759 -739 -718 -706 -682 -671 -649 -635 -626 -614 -599 -588 -572 -564 -554 -548 -536 -531 -523 -514 -511 -504 -500
-847 -855 -858 -861 -868 -873 -879 -881 -884 -883 -881 -877 -874 -882 -886 -886 -896 -905 -919 -926 -943 -959 -962 -983 -994 -1003 -1006 -1006 -1006 -1010 -1008 -1006 -1008 -1010 -1008 -1003 -1002 -1000 -997 -995 -989 -979 -965 -960 -937 -913 -902 -882 -865 -856 -839 -830 -813 -796 -787 -768 -759 -741 -732 -711 -689 -679 -657 -645 -620 -603 -595 -587 -571 -559 -545 -538 -526 -518 -505 -501 -490 -478 -475 -469 -466
-837 -839 -841 -842 -852 -857 -860 -861 -861 -862 -864 -864 -858 -873 -878 -877 -885 -893 -908 -916 -933 -949 -955 -972 -980 -991 -997 -998 -994 -999 -995 -989 -989 -993 -991 -985 -981 -978 -977 -976 -970 -959 -948 -939 -917 -890 -879 -859 -841 -832 -813 -805 -788 -770 -761 -742 -732 -713 -703 -683 -662 -650 -629 -618 -596 -574 -565 -562 -540 -529 -519 -513 -497 -490 -475 -470 -458 -443 -440 -434 -430
-825 -822 -825 -830 -836 -839 -840 -841 -842 -841 -843 -844 -844 -857 -865 -866 -875 -882 -897 -907 -925 -940 -949 -965 -964 -977 -988 -990 -984 -986 -981 -971 -968 -971 -970 -963 -959 -955 -952 -949 -942 -932 -926 -913 -891 -865 -855 -838 -817 -806 -785 -776 -759 -741 -732 -714 -704 -685 -674 -655 -633 -622 -599 -588 -568 -546 -536 -533 -510 -498 -487 -481 -467 -459 -444 -438 -426 -414 -410 -403 -397
-810 -806 -812 -821 -820 -820 -822 -827 -827 -820 -823 -827 -829 -840 -847 -853 -866 -872 -888 -898 -917 -929 -934 -947 -950 -964 -974 -974 -970 -972 -962 -952 -949 -950 -948 -938 -934 -929 -922 -917 -912 -900 -897 -884 -864 -839 -830 -813 -791 -781 -758 -749 -731 -712 -704 -685 -676 -656 -645 -625 -603 -592 -570 -558 -538 -517 -508 -502 -484 -469 -452 -446 -435 -428 -413 -405 -393 -383 -380 -374 -368
-793 -793 -799 -807 -807 -807 -810 -813 -813 -804 -806 -814 -819 -830 -837 -844 -857 -865 -877 -885 -904 -918 -923 -939 -939 -950 -954 -954 -949 -954 -938 -933 -931 -928 -925 -912 -906 -898 -888 -884 -881 -870 -865 -855 -839 -814 -804 -786 -764 -753 -730 -722 -703 -684 -676 -657 -647 -627 -616 -592 -574 -565 -543 -531 -511 -493 -487 -474 -459 -441 -420 -414 -404 -399 -383 -375 -362 -351 -348 -341 -335
