data/crater_dem/crater0040.asc
ncols         221
nrows         221
xllcorner     -8609.7592311609
yllcorner     1549215.2351334
cellsize      59.2252938
NODATA_value  -9999
[rows 0 to 35 of 221, columns 81 to 161 of 221]
-1690 -1697 -1704 -1715 -1721 -1721 -1725 -1726 -1720 -1719 -1721 -1728 -1731 -1733 -1731 -1719 -1715 -1714 -1719 -1720 -1705 -1705 -1702 -1698 -1696 -1702 -1704 -1698 -1702 -1710 -1714 -1713 -1711 -1711 -1710 -1710 -1714 -1715 -1714 -1714 -1714 -1716 -1717 -1709 -1713 -1707 -1716 -1711 -1718 -1719 -1719 -1722 -1729 -1728 -1722 -1719 -1717 -1719 -1720 -1725 -1732 -1736 -1727 -1724 -1729 -1731 -1730 -1725 -1713 -1700 -1694 -1687 -1691 -1685 -1685 -1685 -1682 -1681 -1682 -1686 -1687
-1692 -1706 -1716 -1732 -1737 -1736 -1731 -1727 -1720 -1718 -1725 -1728 -1727 -1725 -1722 -1713 -1711 -1709 -1714 -1712 -1699 -1699 -1699 -1704 -1707 -1718 -1720 -1710 -1715 -1719 -1721 -1721 -1715 -1714 -1710 -1708 -1712 -1717 -1718 -1718 -1712 -1712 -1713 -1710 -1712 -1708 -1716 -1717 -1715 -1717 -1720 -1724 -1721 -1719 -1716 -1717 -1718 -1720 -1720 -1725 -1729 -1732 -1729 -1727 -1727 -1728 -1726 -1721 -1706 -1693 -1688 -1682 -1685 -1678 -1678 -1678 -1678 -1677 -1677 -1683 -1686
-1704 -1722 -1731 -1741 -1749 -1748 -1739 -1732 -1716 -1713 -1719 -1717 -1718 -1715 -1711 -1705 -1702 -1700 -1707 -1704 -1697 -1697 -1703 -1714 -1719 -1724 -1728 -1720 -1724 -1724 -1722 -1723 -1718 -1717 -1713 -1710 -1712 -1718 -1719 -1719 -1715 -1714 -1713 -1710 -1714 -1713 -1717 -1715 -1718 -1721 -1722 -1724 -1722 -1720 -1717 -1717 -1721 -1726 -1727 -1726 -1727 -1724 -1724 -1724 -1723 -1721 -1718 -1714 -1700 -1690 -1686 -1684 -1679 -1679 -1675 -1675 -1678 -1679 -1674 -1680 -1685
-1716 -1732 -1737 -1744 -1755 -1743 -1735 -1728 -1713 -1707 -1706 -1705 -1709 -1709 -1708 -1699 -1694 -1690 -1696 -1694 -1693 -1696 -1705 -1717 -1724 -1731 -1733 -1730 -1733 -1731 -1725 -1723 -1719 -1717 -1711 -1708 -1710 -1715 -1716 -1717 -1719 -1717 -1712 -1709 -1715 -1718 -1720 -1721 -1727 -1729 -1724 -1722 -1725 -1723 -1716 -1714 -1720 -1729 -1731 -1727 -1722 -1713 -1710 -1710 -1714 -1712 -1706 -1704 -1699 -1692 -1689 -1690 -1685 -1684 -1679 -1679 -1677 -1677 -1676 -1680 -1687
-1722 -1732 -1735 -1741 -1752 -1735 -1724 -1718 -1707 -1701 -1697 -1697 -1705 -1708 -1707 -1698 -1691 -1687 -1687 -1687 -1689 -1691 -1702 -1715 -1722 -1733 -1734 -1737 -1740 -1738 -1729 -1728 -1725 -1722 -1711 -1706 -1706 -1709 -1711 -1713 -1717 -1718 -1707 -1711 -1713 -1726 -1721 -1723 -1727 -1727 -1722 -1721 -1723 -1720 -1712 -1709 -1709 -1717 -1718 -1713 -1710 -1699 -1695 -1695 -1703 -1704 -1702 -1700 -1698 -1694 -1692 -1694 -1695 -1687 -1683 -1683 -1672 -1672 -1679 -1682 -1688
-1727 -1733 -1734 -1736 -1744 -1728 -1714 -1707 -1698 -1695 -1695 -1698 -1708 -1711 -1709 -1695 -1687 -1687 -1694 -1687 -1688 -1691 -1700 -1711 -1717 -1735 -1736 -1738 -1741 -1741 -1736 -1736 -1734 -1729 -1718 -1714 -1712 -1709 -1709 -1710 -1711 -1711 -1707 -1709 -1715 -1725 -1721 -1727 -1725 -1718 -1715 -1718 -1716 -1712 -1706 -1703 -1698 -1700 -1699 -1696 -1696 -1691 -1687 -1687 -1694 -1698 -1702 -1701 -1697 -1694 -1694 -1695 -1694 -1688 -1686 -1685 -1672 -1672 -1680 -1681 -1685
-1730 -1733 -1732 -1727 -1734 -1718 -1706 -1699 -1689 -1688 -1695 -1700 -1710 -1713 -1710 -1696 -1689 -1689 -1694 -1686 -1689 -1691 -1699 -1709 -1713 -1732 -1732 -1737 -1740 -1742 -1737 -1735 -1731 -1726 -1718 -1718 -1715 -1709 -1708 -1709 -1706 -1706 -1711 -1722 -1717 -1719 -1715 -1721 -1720 -1712 -1708 -1710 -1705 -1701 -1697 -1696 -1691 -1690 -1688 -1688 -1689 -1689 -1685 -1685 -1689 -1691 -1699 -1701 -1699 -1698 -1698 -1697 -1690 -1690 -1691 -1691 -1680 -1677 -1679 -1681 -1682
-1728 -1726 -1724 -1716 -1719 -1703 -1695 -1689 -1682 -1682 -1695 -1699 -1712 -1714 -1711 -1704 -1698 -1692 -1679 -1678 -1686 -1688 -1696 -1711 -1716 -1723 -1726 -1739 -1744 -1744 -1736 -1733 -1728 -1724 -1717 -1712 -1708 -1704 -1703 -1707 -1706 -1705 -1705 -1709 -1709 -1714 -1704 -1712 -1706 -1703 -1700 -1701 -1697 -1694 -1693 -1692 -1686 -1683 -1684 -1685 -1685 -1684 -1684 -1683 -1687 -1688 -1695 -1699 -1705 -1702 -1701 -1698 -1693 -1691 -1696 -1697 -1686 -1682 -1679 -1684 -1686
-1724 -1716 -1713 -1702 -1701 -1688 -1680 -1679 -1679 -1680 -1694 -1694 -1708 -1713 -1713 -1709 -1703 -1690 -1674 -1674 -1683 -1684 -1693 -1712 -1720 -1728 -1735 -1742 -1747 -1747 -1736 -1735 -1730 -1723 -1712 -1701 -1698 -1696 -1697 -1703 -1702 -1705 -1697 -1694 -1700 -1701 -1694 -1702 -1696 -1697 -1695 -1696 -1692 -1689 -1689 -1689 -1686 -1684 -1685 -1687 -1686 -1683 -1681 -1680 -1685 -1685 -1689 -1695 -1706 -1705 -1702 -1698 -1694 -1691 -1698 -1701 -1698 -1690 -1690 -1693 -1694
-1717 -1707 -1702 -1691 -1684 -1678 -1672 -1673 -1679 -1681 -1690 -1692 -1702 -1706 -1706 -1704 -1699 -1686 -1674 -1674 -1680 -1683 -1695 -1709 -1717 -1738 -1737 -1744 -1749 -1751 -1741 -1738 -1729 -1721 -1708 -1696 -1692 -1690 -1693 -1698 -1704 -1701 -1695 -1695 -1696 -1696 -1690 -1695 -1693 -1694 -1693 -1692 -1687 -1685 -1685 -1686 -1686 -1687 -1689 -1695 -1695 -1688 -1679 -1676 -1680 -1680 -1685 -1692 -1706 -1708 -1706 -1699 -1698 -1694 -1702 -1705 -1710 -1702 -1709 -1710 -1710
-1709 -1698 -1693 -1685 -1673 -1675 -1674 -1675 -1679 -1681 -1687 -1693 -1698 -1697 -1697 -1694 -1692 -1683 -1676 -1674 -1679 -1684 -1698 -1709 -1718 -1732 -1739 -1747 -1752 -1755 -1746 -1740 -1726 -1720 -1714 -1697 -1691 -1688 -1691 -1697 -1703 -1706 -1694 -1699 -1697 -1698 -1691 -1691 -1691 -1691 -1692 -1690 -1683 -1683 -1687 -1687 -1684 -1685 -1690 -1701 -1704 -1693 -1677 -1675 -1677 -1676 -1681 -1689 -1709 -1716 -1714 -1703 -1699 -1703 -1710 -1713 -1721 -1716 -1721 -1724 -1723
-1698 -1689 -1685 -1679 -1672 -1676 -1680 -1682 -1682 -1683 -1689 -1692 -1693 -1691 -1690 -1690 -1689 -1679 -1676 -1675 -1679 -1685 -1696 -1713 -1724 -1736 -1742 -1749 -1751 -1751 -1745 -1739 -1724 -1721 -1717 -1699 -1692 -1694 -1696 -1700 -1713 -1712 -1696 -1701 -1700 -1700 -1695 -1693 -1691 -1693 -1694 -1689 -1682 -1683 -1689 -1688 -1683 -1683 -1687 -1699 -1703 -1693 -1680 -1677 -1680 -1679 -1675 -1678 -1699 -1710 -1708 -1699 -1694 -1705 -1714 -1718 -1729 -1726 -1734 -1734 -1732
-1687 -1679 -1678 -1676 -1675 -1680 -1688 -1690 -1690 -1691 -1690 -1691 -1686 -1685 -1686 -1688 -1687 -1677 -1679 -1677 -1680 -1686 -1697 -1715 -1729 -1739 -1744 -1747 -1746 -1740 -1736 -1732 -1722 -1719 -1714 -1700 -1695 -1700 -1701 -1701 -1709 -1704 -1697 -1700 -1704 -1699 -1697 -1697 -1691 -1693 -1694 -1691 -1689 -1689 -1689 -1687 -1682 -1681 -1683 -1694 -1696 -1691 -1680 -1679 -1684 -1681 -1668 -1667 -1681 -1686 -1685 -1686 -1686 -1704 -1714 -1719 -1735 -1739 -1747 -1746 -1745
-1678 -1670 -1671 -1674 -1678 -1682 -1691 -1693 -1696 -1698 -1689 -1688 -1679 -1680 -1683 -1686 -1686 -1678 -1680 -1679 -1678 -1685 -1698 -1714 -1725 -1736 -1739 -1736 -1735 -1731 -1726 -1724 -1719 -1715 -1709 -1701 -1699 -1701 -1701 -1701 -1700 -1697 -1696 -1698 -1705 -1696 -1697 -1699 -1691 -1690 -1690 -1691 -1691 -1689 -1687 -1687 -1685 -1682 -1684 -1691 -1694 -1686 -1679 -1680 -1685 -1680 -1667 -1665 -1669 -1668 -1667 -1678 -1683 -1704 -1714 -1720 -1739 -1744 -1752 -1753 -1754
-1673 -1664 -1664 -1672 -1677 -1682 -1689 -1692 -1697 -1698 -1689 -1686 -1678 -1681 -1682 -1683 -1683 -1677 -1677 -1676 -1675 -1679 -1693 -1709 -1717 -1722 -1723 -1720 -1720 -1718 -1713 -1713 -1710 -1706 -1698 -1698 -1697 -1698 -1700 -1702 -1700 -1698 -1695 -1699 -1699 -1692 -1693 -1694 -1692 -1688 -1687 -1690 -1689 -1684 -1683 -1687 -1687 -1685 -1684 -1685 -1685 -1679 -1673 -1674 -1682 -1682 -1675 -1670 -1664 -1662 -1664 -1676 -1682 -1698 -1711 -1719 -1739 -1738 -1752 -1754 -1754
-1671 -1663 -1663 -1675 -1678 -1685 -1686 -1688 -1692 -1693 -1686 -1684 -1681 -1685 -1685 -1680 -1679 -1676 -1675 -1673 -1673 -1675 -1686 -1702 -1709 -1707 -1705 -1704 -1704 -1702 -1699 -1699 -1698 -1694 -1691 -1694 -1694 -1695 -1696 -1698 -1699 -1696 -1695 -1697 -1691 -1693 -1691 -1690 -1690 -1686 -1684 -1688 -1687 -1683 -1682 -1684 -1685 -1682 -1678 -1673 -1673 -1671 -1666 -1667 -1677 -1679 -1677 -1671 -1662 -1664 -1666 -1675 -1678 -1692 -1706 -1714 -1732 -1731 -1742 -1743 -1745
-1671 -1665 -1666 -1679 -1682 -1686 -1686 -1686 -1690 -1691 -1684 -1684 -1682 -1687 -1687 -1682 -1681 -1681 -1675 -1673 -1674 -1673 -1679 -1692 -1697 -1690 -1691 -1692 -1691 -1688 -1686 -1687 -1690 -1688 -1688 -1691 -1691 -1692 -1692 -1691 -1692 -1691 -1693 -1693 -1691 -1697 -1693 -1687 -1687 -1684 -1685 -1687 -1684 -1683 -1683 -1682 -1683 -1678 -1674 -1666 -1666 -1666 -1662 -1663 -1672 -1673 -1671 -1667 -1663 -1663 -1665 -1672 -1677 -1687 -1700 -1706 -1723 -1719 -1725 -1726 -1727
-1674 -1669 -1671 -1680 -1684 -1682 -1687 -1688 -1692 -1691 -1684 -1683 -1681 -1684 -1686 -1682 -1680 -1679 -1677 -1679 -1675 -1672 -1673 -1679 -1680 -1676 -1677 -1682 -1682 -1680 -1676 -1678 -1688 -1690 -1688 -1688 -1688 -1688 -1688 -1689 -1688 -1688 -1687 -1692 -1692 -1695 -1690 -1686 -1683 -1681 -1683 -1684 -1684 -1687 -1685 -1682 -1681 -1679 -1674 -1663 -1662 -1665 -1659 -1659 -1668 -1667 -1662 -1661 -1659 -1659 -1659 -1668 -1673 -1681 -1691 -1696 -1709 -1706 -1706 -1709 -1709
-1675 -1670 -1672 -1679 -1681 -1681 -1686 -1688 -1691 -1689 -1681 -1683 -1680 -1684 -1685 -1680 -1677 -1678 -1685 -1681 -1674 -1670 -1669 -1671 -1669 -1669 -1671 -1673 -1674 -1673 -1671 -1675 -1689 -1691 -1689 -1687 -1687 -1685 -1685 -1688 -1688 -1686 -1686 -1685 -1689 -1682 -1682 -1679 -1675 -1672 -1674 -1677 -1684 -1690 -1688 -1684 -1681 -1674 -1669 -1660 -1660 -1668 -1663 -1661 -1665 -1663 -1658 -1655 -1652 -1652 -1653 -1661 -1667 -1673 -1683 -1690 -1695 -1693 -1694 -1694 -1693
-1672 -1671 -1673 -1678 -1680 -1685 -1688 -1688 -1689 -1688 -1683 -1678 -1677 -1682 -1682 -1676 -1674 -1676 -1683 -1682 -1675 -1669 -1666 -1666 -1664 -1666 -1668 -1669 -1669 -1667 -1669 -1674 -1684 -1686 -1687 -1688 -1687 -1686 -1685 -1686 -1686 -1686 -1689 -1682 -1684 -1675 -1676 -1671 -1671 -1667 -1666 -1667 -1677 -1682 -1684 -1682 -1677 -1667 -1661 -1657 -1660 -1675 -1670 -1663 -1661 -1659 -1656 -1655 -1649 -1646 -1647 -1654 -1657 -1666 -1678 -1685 -1684 -1685 -1689 -1682 -1677
-1673 -1674 -1676 -1680 -1677 -1691 -1695 -1692 -1687 -1684 -1675 -1675 -1675 -1676 -1677 -1672 -1669 -1671 -1678 -1681 -1673 -1669 -1664 -1663 -1664 -1673 -1668 -1671 -1669 -1666 -1667 -1671 -1679 -1681 -1684 -1686 -1687 -1687 -1685 -1682 -1687 -1685 -1686 -1678 -1678 -1668 -1672 -1668 -1670 -1668 -1668 -1669 -1670 -1671 -1674 -1674 -1670 -1661 -1656 -1653 -1657 -1672 -1667 -1660 -1655 -1653 -1653 -1653 -1646 -1642 -1643 -1648 -1649 -1658 -1668 -1673 -1675 -1677 -1682 -1668 -1659
-1674 -1678 -1680 -1685 -1684 -1699 -1700 -1696 -1685 -1681 -1676 -1680 -1678 -1674 -1675 -1674 -1669 -1667 -1674 -1675 -1669 -1668 -1668 -1664 -1666 -1673 -1675 -1670 -1669 -1670 -1668 -1669 -1677 -1679 -1681 -1684 -1685 -1684 -1681 -1677 -1679 -1679 -1677 -1672 -1673 -1670 -1668 -1667 -1668 -1673 -1677 -1680 -1668 -1664 -1664 -1664 -1662 -1656 -1651 -1646 -1646 -1654 -1654 -1650 -1649 -1649 -1650 -1651 -1644 -1639 -1640 -1643 -1642 -1651 -1657 -1659 -1667 -1672 -1666 -1649 -1640
-1673 -1682 -1684 -1689 -1698 -1707 -1707 -1702 -1689 -1681 -1679 -1679 -1679 -1676 -1677 -1676 -1672 -1665 -1668 -1670 -1668 -1671 -1669 -1668 -1670 -1681 -1681 -1670 -1671 -1674 -1671 -1670 -1674 -1675 -1675 -1678 -1679 -1678 -1677 -1674 -1670 -1669 -1668 -1667 -1667 -1663 -1663 -1667 -1666 -1675 -1680 -1680 -1664 -1658 -1657 -1656 -1655 -1651 -1646 -1638 -1636 -1638 -1643 -1642 -1643 -1644 -1650 -1650 -1643 -1637 -1637 -1642 -1639 -1649 -1651 -1649 -1656 -1659 -1645 -1628 -1619
-1674 -1683 -1686 -1692 -1713 -1721 -1718 -1712 -1697 -1688 -1675 -1673 -1677 -1675 -1674 -1674 -1671 -1663 -1659 -1668 -1668 -1670 -1669 -1673 -1676 -1686 -1683 -1678 -1679 -1677 -1672 -1672 -1674 -1673 -1669 -1670 -1671 -1673 -1674 -1673 -1664 -1663 -1663 -1661 -1663 -1662 -1655 -1663 -1661 -1670 -1674 -1670 -1655 -1652 -1650 -1648 -1646 -1643 -1639 -1631 -1630 -1631 -1638 -1640 -1642 -1641 -1645 -1647 -1642 -1635 -1635 -1642 -1640 -1649 -1645 -1638 -1635 -1627 -1623 -1608 -1600
-1675 -1683 -1686 -1698 -1719 -1734 -1725 -1717 -1701 -1691 -1673 -1671 -1674 -1670 -1670 -1672 -1671 -1664 -1656 -1666 -1664 -1664 -1664 -1671 -1675 -1683 -1680 -1678 -1680 -1676 -1670 -1671 -1673 -1669 -1664 -1665 -1666 -1668 -1670 -1673 -1660 -1660 -1660 -1657 -1657 -1659 -1654 -1659 -1656 -1660 -1662 -1657 -1647 -1643 -1639 -1637 -1636 -1633 -1630 -1627 -1628 -1634 -1650 -1657 -1657 -1650 -1644 -1644 -1643 -1637 -1637 -1643 -1639 -1644 -1637 -1629 -1615 -1614 -1609 -1598 -1594
-1674 -1682 -1686 -1699 -1725 -1728 -1719 -1713 -1700 -1691 -1675 -1674 -1668 -1665 -1666 -1671 -1671 -1663 -1662 -1667 -1662 -1659 -1661 -1666 -1668 -1677 -1674 -1671 -1672 -1668 -1664 -1665 -1666 -1663 -1660 -1663 -1665 -1667 -1667 -1671 -1661 -1657 -1656 -1654 -1653 -1656 -1656 -1655 -1651 -1648 -1648 -1645 -1637 -1633 -1626 -1625 -1628 -1629 -1625 -1625 -1630 -1653 -1685 -1697 -1693 -1675 -1651 -1646 -1643 -1639 -1640 -1642 -1643 -1638 -1635 -1630 -1614 -1613 -1606 -1599 -1596
-1672 -1678 -1682 -1691 -1701 -1707 -1701 -1698 -1689 -1682 -1675 -1674 -1665 -1662 -1664 -1668 -1667 -1664 -1667 -1673 -1663 -1662 -1663 -1662 -1662 -1665 -1667 -1663 -1664 -1663 -1657 -1657 -1659 -1659 -1659 -1662 -1665 -1666 -1665 -1666 -1660 -1656 -1652 -1650 -1650 -1652 -1654 -1643 -1646 -1639 -1638 -1633 -1628 -1624 -1617 -1616 -1622 -1625 -1621 -1622 -1632 -1674 -1717 -1730 -1724 -1699 -1659 -1649 -1640 -1637 -1636 -1639 -1645 -1637 -1638 -1636 -1618 -1615 -1604 -1602 -1599
-1672 -1672 -1674 -1680 -1676 -1688 -1684 -1681 -1677 -1673 -1673 -1671 -1663 -1660 -1661 -1666 -1666 -1666 -1675 -1677 -1670 -1670 -1668 -1658 -1654 -1656 -1656 -1655 -1657 -1660 -1654 -1653 -1656 -1657 -1659 -1663 -1665 -1664 -1662 -1661 -1656 -1655 -1652 -1653 -1649 -1644 -1649 -1637 -1645 -1633 -1628 -1622 -1619 -1616 -1610 -1610 -1614 -1619 -1617 -1620 -1631 -1679 -1725 -1737 -1728 -1705 -1663 -1652 -1642 -1635 -1633 -1637 -1643 -1638 -1641 -1639 -1621 -1618 -1600 -1600 -1598
-1668 -1668 -1667 -1670 -1666 -1678 -1673 -1670 -1669 -1668 -1666 -1664 -1660 -1657 -1660 -1669 -1670 -1671 -1678 -1679 -1673 -1672 -1666 -1655 -1651 -1648 -1648 -1647 -1653 -1660 -1655 -1652 -1655 -1657 -1660 -1664 -1665 -1664 -1663 -1662 -1655 -1655 -1655 -1653 -1651 -1640 -1643 -1635 -1645 -1630 -1624 -1615 -1610 -1611 -1610 -1608 -1608 -1610 -1611 -1617 -1626 -1661 -1699 -1709 -1700 -1683 -1654 -1645 -1638 -1634 -1632 -1635 -1643 -1640 -1641 -1638 -1623 -1619 -1598 -1594 -1592
-1667 -1667 -1667 -1671 -1664 -1671 -1665 -1661 -1663 -1663 -1657 -1659 -1658 -1658 -1662 -1671 -1671 -1669 -1673 -1675 -1667 -1665 -1659 -1652 -1649 -1641 -1643 -1658 -1668 -1673 -1661 -1655 -1652 -1653 -1657 -1659 -1660 -1661 -1662 -1661 -1656 -1653 -1657 -1649 -1649 -1637 -1642 -1636 -1641 -1628 -1623 -1614 -1604 -1608 -1613 -1610 -1605 -1607 -1608 -1614 -1618 -1636 -1658 -1665 -1664 -1655 -1637 -1632 -1628 -1629 -1630 -1631 -1639 -1640 -1639 -1636 -1624 -1620 -1600 -1590 -1586
-1669 -1672 -1673 -1681 -1666 -1669 -1661 -1657 -1658 -1657 -1655 -1655 -1658 -1658 -1659 -1664 -1664 -1659 -1666 -1667 -1659 -1658 -1656 -1651 -1649 -1644 -1652 -1693 -1709 -1706 -1675 -1660 -1648 -1649 -1652 -1654 -1653 -1656 -1658 -1661 -1660 -1657 -1653 -1644 -1644 -1633 -1642 -1635 -1639 -1625 -1623 -1614 -1604 -1606 -1609 -1607 -1606 -1609 -1611 -1613 -1614 -1621 -1629 -1634 -1642 -1638 -1627 -1623 -1621 -1623 -1624 -1629 -1638 -1637 -1634 -1633 -1621 -1615 -1601 -1587 -1583
-1669 -1674 -1676 -1682 -1668 -1664 -1659 -1658 -1656 -1654 -1656 -1658 -1659 -1658 -1658 -1658 -1658 -1655 -1663 -1662 -1656 -1658 -1656 -1652 -1650 -1656 -1674 -1727 -1747 -1742 -1696 -1674 -1653 -1651 -1651 -1650 -1650 -1653 -1655 -1656 -1652 -1645 -1646 -1640 -1636 -1627 -1631 -1626 -1628 -1620 -1618 -1611 -1605 -1605 -1602 -1600 -1604 -1612 -1615 -1613 -1613 -1616 -1618 -1622 -1635 -1634 -1627 -1622 -1615 -1618 -1620 -1625 -1630 -1631 -1627 -1625 -1619 -1614 -1598 -1588 -1583
-1666 -1671 -1673 -1675 -1667 -1658 -1657 -1658 -1657 -1655 -1654 -1656 -1659 -1664 -1664 -1658 -1655 -1654 -1657 -1663 -1657 -1660 -1661 -1655 -1654 -1662 -1677 -1731 -1749 -1755 -1717 -1693 -1665 -1659 -1651 -1647 -1647 -1651 -1652 -1652 -1640 -1638 -1637 -1636 -1631 -1623 -1619 -1617 -1617 -1613 -1610 -1605 -1602 -1603 -1599 -1597 -1604 -1613 -1615 -1612 -1612 -1616 -1618 -1622 -1633 -1632 -1626 -1622 -1613 -1617 -1621 -1625 -1627 -1625 -1621 -1619 -1617 -1613 -1596 -1590 -1584
-1663 -1668 -1667 -1667 -1663 -1655 -1654 -1655 -1656 -1657 -1657 -1658 -1658 -1665 -1667 -1661 -1657 -1652 -1652 -1661 -1657 -1662 -1666 -1661 -1659 -1667 -1675 -1716 -1730 -1742 -1721 -1702 -1675 -1668 -1654 -1647 -1649 -1654 -1653 -1650 -1636 -1634 -1632 -1626 -1628 -1617 -1616 -1615 -1615 -1609 -1605 -1598 -1595 -1596 -1597 -1598 -1605 -1611 -1612 -1611 -1613 -1616 -1619 -1622 -1628 -1626 -1623 -1620 -1614 -1619 -1623 -1629 -1629 -1624 -1620 -1619 -1617 -1613 -1601 -1589 -1582
-1660 -1662 -1661 -1661 -1656 -1655 -1653 -1653 -1653 -1655 -1656 -1651 -1656 -1658 -1661 -1662 -1659 -1652 -1650 -1658 -1659 -1663 -1667 -1664 -1662 -1667 -1669 -1698 -1706 -1718 -1711 -1700 -1685 -1680 -1661 -1655 -1658 -1657 -1652 -1646 -1636 -1631 -1627 -1625 -1624 -1612 -1614 -1601 -1607 -1602 -1599 -1592 -1585 -1587 -1594 -1597 -1602 -1607 -1609 -1613 -1614 -1617 -1621 -1621 -1624 -1623 -1621 -1619 -1616 -1620 -1623 -1627 -1626 -1623 -1623 -1621 -1617 -1614 -1600 -1587 -1580
-1653 -1650 -1651 -1656 -1653 -1657 -1651 -1649 -1649 -1650 -1651 -1650 -1652 -1649 -1651 -1658 -1657 -1648 -1650 -1656 -1663 -1664 -1664 -1661 -1660 -1666 -1669 -1683 -1687 -1698 -1700 -1696 -1691 -1687 -1667 -1661 -1663 -1656 -1651 -1646 -1632 -1626 -1622 -1618 -1619 -1604 -1606 -1592 -1594 -1594 -1592 -1588 -1584 -1585 -1594 -1596 -1598 -1605 -1609 -1613 -1614 -1616 -1619 -1619 -1622 -1622 -1620 -1621 -1619 -1621 -1622 -1623 -1622 -1623 -1624 -1622 -1616 -1613 -1594 -1583 -1577
