data/crater_dem/crater0026.asc
ncols         554
nrows         554
xllcorner     -19966.715726238
yllcorner     1722449.2194984
cellsize      59.2252938
NODATA_value  -9999
[rows 340 to 373 of 554, columns 77 to 153 of 554]
-5420 -5425 -5425 -5419 -5422 -5426 -5415 -5419 -5412 -5417 -5417 -5411 -5416 -5419 -5423 -5417 -5421 -5417 -5414 -5414 -5414 -5416 -5414 -5408 -5408 -5418 -5434 -5440 -5446 -5444 -5434 -5418 -5406 -5408 -5407 -5404 -5413 -5418 -5415 -5419 -5421 -5411 -5408 -5409 -5411 -5403 -5404 -5403 -5402 -5403 -5403 -5402 -5405 -5401 -5395 -5394 -5397 -5396 -5393 -5399 -5398 -5390 -5387 -5388 -5393 -5409 -5425 -5438 -5445 -5442 -5419 -5392 -5384 -5383 -5380 -5384 -5381
-5419 -5424 -5424 -5422 -5429 -5435 -5420 -5417 -5410 -5415 -5416 -5413 -5418 -5419 -5419 -5418 -5416 -5412 -5411 -5416 -5417 -5417 -5415 -5412 -5409 -5414 -5424 -5426 -5429 -5429 -5424 -5414 -5409 -5410 -5409 -5405 -5407 -5416 -5416 -5418 -5417 -5414 -5412 -5411 -5408 -5408 -5406 -5403 -5404 -5404 -5402 -5401 -5399 -5396 -5392 -5391 -5395 -5396 -5396 -5400 -5394 -5381 -5380 -5383 -5401 -5429 -5446 -5456 -5460 -5458 -5441 -5419 -5401 -5390 -5385 -5387 -5389
-5414 -5417 -5421 -5421 -5425 -5426 -5418 -5413 -5414 -5418 -5417 -5414 -5418 -5416 -5417 -5415 -5415 -5413 -5414 -5419 -5418 -5417 -5414 -5413 -5412 -5414 -5415 -5415 -5417 -5417 -5414 -5409 -5407 -5408 -5408 -5406 -5405 -5409 -5413 -5412 -5411 -5412 -5408 -5409 -5408 -5408 -5409 -5403 -5404 -5401 -5401 -5399 -5394 -5385 -5383 -5390 -5398 -5399 -5398 -5400 -5394 -5386 -5387 -5390 -5409 -5439 -5460 -5466 -5461 -5456 -5446 -5433 -5406 -5387 -5386 -5387 -5385
-5416 -5416 -5419 -5420 -5422 -5421 -5417 -5415 -5417 -5423 -5422 -5419 -5416 -5414 -5415 -5415 -5415 -5412 -5412 -5417 -5417 -5416 -5414 -5415 -5417 -5416 -5412 -5412 -5412 -5411 -5409 -5408 -5409 -5405 -5406 -5407 -5403 -5403 -5412 -5413 -5413 -5411 -5403 -5409 -5409 -5406 -5408 -5405 -5402 -5399 -5399 -5398 -5391 -5383 -5384 -5394 -5399 -5397 -5395 -5399 -5395 -5389 -5392 -5395 -5412 -5441 -5459 -5464 -5457 -5452 -5442 -5436 -5408 -5387 -5385 -5385 -5387
-5416 -5418 -5418 -5417 -5422 -5423 -5419 -5416 -5416 -5424 -5425 -5420 -5419 -5416 -5418 -5416 -5414 -5413 -5410 -5413 -5416 -5416 -5412 -5413 -5416 -5417 -5414 -5412 -5411 -5408 -5408 -5409 -5409 -5406 -5407 -5408 -5405 -5407 -5420 -5422 -5423 -5418 -5408 -5409 -5409 -5405 -5406 -5407 -5403 -5397 -5397 -5397 -5394 -5393 -5392 -5394 -5392 -5389 -5390 -5397 -5396 -5387 -5391 -5395 -5413 -5437 -5447 -5449 -5450 -5446 -5437 -5425 -5404 -5388 -5383 -5384 -5384
-5417 -5417 -5419 -5418 -5422 -5422 -5418 -5417 -5417 -5424 -5422 -5416 -5420 -5416 -5414 -5416 -5412 -5412 -5411 -5412 -5416 -5417 -5412 -5409 -5414 -5419 -5416 -5415 -5412 -5409 -5410 -5410 -5411 -5408 -5409 -5409 -5406 -5413 -5420 -5423 -5427 -5425 -5417 -5410 -5407 -5406 -5405 -5403 -5403 -5395 -5397 -5398 -5397 -5396 -5393 -5391 -5390 -5389 -5389 -5392 -5391 -5387 -5389 -5392 -5405 -5426 -5436 -5435 -5435 -5433 -5425 -5405 -5388 -5383 -5379 -5380 -5383
-5419 -5418 -5421 -5421 -5422 -5423 -5416 -5418 -5418 -5421 -5420 -5414 -5419 -5418 -5420 -5417 -5408 -5410 -5412 -5413 -5416 -5416 -5410 -5406 -5413 -5420 -5415 -5413 -5413 -5410 -5411 -5407 -5408 -5410 -5410 -5405 -5404 -5411 -5415 -5419 -5425 -5423 -5415 -5410 -5406 -5402 -5405 -5401 -5403 -5398 -5399 -5400 -5396 -5394 -5396 -5396 -5395 -5393 -5388 -5385 -5386 -5384 -5386 -5387 -5393 -5409 -5422 -5423 -5419 -5416 -5407 -5390 -5380 -5379 -5377 -5377 -5385
-5419 -5421 -5423 -5419 -5420 -5426 -5418 -5420 -5419 -5420 -5420 -5415 -5418 -5418 -5420 -5417 -5407 -5411 -5414 -5416 -5414 -5413 -5407 -5405 -5409 -5414 -5412 -5410 -5408 -5407 -5412 -5413 -5411 -5414 -5408 -5405 -5406 -5407 -5412 -5415 -5419 -5415 -5408 -5409 -5407 -5398 -5403 -5400 -5403 -5402 -5404 -5404 -5398 -5394 -5399 -5402 -5400 -5397 -5387 -5381 -5381 -5382 -5383 -5382 -5384 -5393 -5404 -5409 -5406 -5402 -5392 -5386 -5383 -5379 -5377 -5375 -5383
-5419 -5421 -5421 -5416 -5419 -5425 -5420 -5418 -5420 -5418 -5418 -5413 -5418 -5415 -5424 -5417 -5410 -5411 -5417 -5418 -5414 -5412 -5409 -5406 -5409 -5415 -5415 -5413 -5408 -5408 -5415 -5422 -5414 -5416 -5411 -5410 -5413 -5409 -5412 -5414 -5414 -5408 -5405 -5407 -5405 -5402 -5401 -5398 -5403 -5405 -5406 -5407 -5404 -5397 -5398 -5400 -5401 -5398 -5388 -5383 -5381 -5381 -5384 -5384 -5379 -5380 -5387 -5395 -5394 -5392 -5385 -5383 -5382 -5380 -5381 -5378 -5385
-5419 -5418 -5419 -5416 -5418 -5422 -5416 -5419 -5418 -5421 -5421 -5415 -5418 -5420 -5422 -5420 -5412 -5412 -5415 -5416 -5415 -5413 -5408 -5408 -5413 -5418 -5421 -5420 -5414 -5409 -5413 -5416 -5415 -5416 -5413 -5414 -5414 -5412 -5412 -5413 -5412 -5406 -5407 -5407 -5406 -5404 -5403 -5404 -5404 -5403 -5406 -5406 -5403 -5399 -5397 -5396 -5398 -5396 -5391 -5387 -5382 -5382 -5387 -5385 -5376 -5375 -5380 -5390 -5393 -5392 -5383 -5379 -5382 -5385 -5387 -5384 -5385
-5418 -5421 -5421 -5419 -5418 -5417 -5412 -5419 -5418 -5424 -5425 -5418 -5417 -5423 -5417 -5421 -5417 -5414 -5414 -5416 -5416 -5415 -5406 -5406 -5413 -5416 -5421 -5422 -5415 -5407 -5411 -5411 -5412 -5413 -5412 -5411 -5410 -5416 -5411 -5413 -5411 -5410 -5409 -5409 -5406 -5398 -5404 -5412 -5407 -5400 -5402 -5403 -5399 -5401 -5401 -5397 -5397 -5396 -5393 -5391 -5383 -5381 -5385 -5384 -5380 -5380 -5387 -5400 -5404 -5399 -5385 -5379 -5387 -5392 -5390 -5387 -5385
-5420 -5426 -5424 -5418 -5414 -5410 -5411 -5417 -5420 -5422 -5424 -5422 -5417 -5417 -5418 -5423 -5424 -5419 -5416 -5416 -5418 -5417 -5407 -5404 -5408 -5413 -5419 -5421 -5417 -5407 -5412 -5413 -5411 -5408 -5411 -5410 -5410 -5412 -5409 -5409 -5410 -5410 -5408 -5407 -5405 -5397 -5403 -5409 -5404 -5397 -5399 -5400 -5399 -5402 -5405 -5400 -5397 -5397 -5395 -5394 -5390 -5387 -5388 -5388 -5386 -5388 -5403 -5418 -5414 -5405 -5389 -5385 -5391 -5394 -5390 -5385 -5385
-5421 -5429 -5424 -5416 -5412 -5410 -5414 -5416 -5423 -5424 -5427 -5427 -5419 -5416 -5419 -5424 -5426 -5418 -5414 -5418 -5420 -5419 -5413 -5409 -5410 -5414 -5419 -5423 -5420 -5410 -5412 -5412 -5414 -5409 -5411 -5414 -5417 -5412 -5407 -5406 -5409 -5407 -5406 -5408 -5404 -5408 -5409 -5407 -5403 -5397 -5397 -5397 -5399 -5402 -5405 -5400 -5396 -5395 -5396 -5398 -5398 -5397 -5394 -5392 -5388 -5391 -5411 -5428 -5418 -5407 -5391 -5389 -5388 -5390 -5390 -5386 -5387
-5421 -5423 -5420 -5415 -5416 -5416 -5415 -5415 -5419 -5419 -5420 -5426 -5421 -5422 -5420 -5421 -5421 -5413 -5413 -5418 -5417 -5416 -5415 -5415 -5415 -5415 -5420 -5425 -5421 -5410 -5410 -5411 -5413 -5411 -5410 -5412 -5419 -5407 -5408 -5407 -5409 -5408 -5408 -5406 -5406 -5408 -5409 -5406 -5405 -5398 -5392 -5391 -5396 -5402 -5403 -5399 -5393 -5392 -5393 -5396 -5395 -5403 -5397 -5394 -5388 -5387 -5403 -5416 -5408 -5399 -5386 -5386 -5386 -5387 -5390 -5389 -5386
-5420 -5417 -5416 -5416 -5417 -5417 -5414 -5416 -5419 -5416 -5416 -5426 -5421 -5424 -5418 -5415 -5415 -5415 -5415 -5418 -5414 -5412 -5413 -5414 -5413 -5409 -5414 -5418 -5417 -5412 -5414 -5420 -5418 -5411 -5410 -5410 -5416 -5414 -5411 -5410 -5409 -5411 -5410 -5409 -5405 -5398 -5399 -5402 -5404 -5401 -5391 -5387 -5392 -5397 -5399 -5399 -5396 -5394 -5392 -5394 -5395 -5400 -5395 -5393 -5390 -5387 -5393 -5400 -5393 -5388 -5384 -5383 -5385 -5383 -5387 -5389 -5385
-5420 -5419 -5423 -5423 -5419 -5416 -5416 -5421 -5424 -5421 -5417 -5424 -5420 -5417 -5416 -5415 -5417 -5418 -5415 -5415 -5413 -5411 -5411 -5415 -5415 -5405 -5405 -5408 -5409 -5414 -5419 -5419 -5419 -5408 -5411 -5408 -5410 -5408 -5412 -5411 -5408 -5412 -5411 -5408 -5405 -5395 -5394 -5396 -5401 -5407 -5397 -5393 -5393 -5394 -5397 -5402 -5402 -5400 -5396 -5396 -5395 -5394 -5393 -5393 -5390 -5389 -5388 -5393 -5391 -5390 -5391 -5386 -5382 -5381 -5382 -5386 -5385
-5420 -5424 -5426 -5425 -5424 -5422 -5416 -5421 -5424 -5421 -5416 -5417 -5418 -5414 -5420 -5421 -5423 -5417 -5408 -5408 -5408 -5407 -5409 -5415 -5418 -5411 -5408 -5410 -5411 -5412 -5418 -5417 -5414 -5409 -5411 -5407 -5405 -5408 -5414 -5416 -5414 -5411 -5407 -5405 -5405 -5403 -5396 -5392 -5402 -5406 -5398 -5395 -5395 -5397 -5401 -5403 -5402 -5400 -5396 -5396 -5394 -5394 -5394 -5393 -5394 -5394 -5391 -5390 -5390 -5390 -5391 -5386 -5384 -5385 -5384 -5385 -5392
-5420 -5423 -5422 -5418 -5424 -5429 -5422 -5421 -5420 -5415 -5413 -5418 -5414 -5416 -5419 -5424 -5424 -5412 -5406 -5405 -5403 -5405 -5411 -5412 -5417 -5417 -5417 -5419 -5419 -5416 -5417 -5414 -5411 -5411 -5410 -5403 -5403 -5410 -5417 -5421 -5421 -5413 -5408 -5405 -5405 -5407 -5397 -5397 -5403 -5405 -5399 -5397 -5395 -5395 -5400 -5402 -5402 -5400 -5395 -5395 -5393 -5398 -5395 -5392 -5393 -5400 -5398 -5389 -5384 -5384 -5388 -5388 -5386 -5387 -5389 -5394 -5397
-5418 -5423 -5421 -5416 -5423 -5431 -5430 -5428 -5423 -5413 -5416 -5425 -5414 -5417 -5418 -5419 -5417 -5412 -5418 -5417 -5409 -5408 -5413 -5413 -5416 -5421 -5424 -5426 -5428 -5422 -5418 -5412 -5413 -5412 -5410 -5400 -5401 -5407 -5416 -5420 -5419 -5413 -5408 -5405 -5406 -5401 -5395 -5403 -5404 -5411 -5407 -5403 -5393 -5391 -5397 -5404 -5403 -5399 -5393 -5397 -5396 -5401 -5394 -5389 -5388 -5395 -5393 -5385 -5384 -5385 -5390 -5393 -5389 -5384 -5387 -5398 -5399
-5422 -5423 -5422 -5422 -5425 -5427 -5427 -5428 -5427 -5426 -5436 -5438 -5415 -5416 -5409 -5407 -5412 -5428 -5451 -5447 -5425 -5417 -5412 -5415 -5418 -5422 -5425 -5426 -5429 -5422 -5412 -5411 -5412 -5415 -5415 -5406 -5403 -5410 -5415 -5415 -5413 -5411 -5404 -5409 -5411 -5399 -5396 -5404 -5402 -5417 -5409 -5403 -5394 -5393 -5397 -5402 -5403 -5400 -5393 -5397 -5396 -5397 -5392 -5388 -5386 -5400 -5383 -5382 -5390 -5392 -5395 -5393 -5387 -5379 -5381 -5393 -5400
-5418 -5421 -5422 -5426 -5426 -5424 -5420 -5421 -5422 -5430 -5441 -5435 -5417 -5415 -5407 -5405 -5416 -5445 -5469 -5460 -5433 -5420 -5409 -5415 -5418 -5419 -5421 -5422 -5421 -5413 -5404 -5409 -5413 -5418 -5419 -5412 -5409 -5408 -5412 -5411 -5411 -5411 -5408 -5408 -5406 -5401 -5398 -5401 -5402 -5411 -5402 -5399 -5396 -5397 -5396 -5398 -5403 -5402 -5392 -5391 -5397 -5390 -5387 -5387 -5392 -5389 -5384 -5385 -5393 -5393 -5389 -5385 -5380 -5377 -5380 -5390 -5394
-5417 -5417 -5421 -5427 -5429 -5426 -5419 -5415 -5414 -5419 -5425 -5420 -5416 -5418 -5413 -5411 -5419 -5438 -5453 -5441 -5423 -5415 -5412 -5419 -5417 -5417 -5419 -5420 -5419 -5409 -5403 -5419 -5408 -5415 -5413 -5411 -5414 -5406 -5405 -5410 -5411 -5411 -5409 -5406 -5402 -5401 -5398 -5398 -5398 -5397 -5395 -5395 -5400 -5399 -5394 -5394 -5398 -5397 -5390 -5385 -5392 -5388 -5386 -5387 -5393 -5394 -5387 -5385 -5388 -5387 -5382 -5378 -5379 -5379 -5379 -5388 -5392
-5416 -5417 -5419 -5426 -5432 -5427 -5418 -5412 -5411 -5413 -5414 -5412 -5414 -5420 -5417 -5417 -5418 -5422 -5425 -5418 -5412 -5412 -5417 -5423 -5416 -5415 -5419 -5420 -5421 -5413 -5409 -5410 -5410 -5409 -5406 -5406 -5412 -5406 -5405 -5412 -5410 -5408 -5408 -5404 -5401 -5398 -5396 -5399 -5394 -5394 -5394 -5394 -5401 -5405 -5399 -5392 -5390 -5389 -5385 -5387 -5398 -5399 -5393 -5395 -5400 -5397 -5386 -5382 -5383 -5383 -5382 -5381 -5383 -5382 -5381 -5392 -5391
-5416 -5419 -5419 -5423 -5428 -5426 -5419 -5416 -5417 -5419 -5416 -5414 -5415 -5420 -5420 -5420 -5421 -5415 -5409 -5408 -5410 -5411 -5414 -5417 -5411 -5412 -5418 -5418 -5418 -5413 -5413 -5411 -5407 -5408 -5404 -5403 -5406 -5406 -5406 -5414 -5412 -5405 -5403 -5403 -5401 -5397 -5395 -5399 -5393 -5398 -5397 -5395 -5402 -5414 -5407 -5391 -5383 -5383 -5385 -5391 -5403 -5408 -5399 -5396 -5397 -5397 -5390 -5386 -5383 -5382 -5387 -5390 -5392 -5391 -5385 -5387 -5389
-5415 -5417 -5418 -5420 -5425 -5426 -5423 -5422 -5422 -5422 -5419 -5416 -5416 -5417 -5419 -5421 -5426 -5419 -5410 -5408 -5410 -5412 -5414 -5414 -5411 -5412 -5414 -5413 -5413 -5410 -5412 -5410 -5410 -5413 -5409 -5409 -5408 -5402 -5403 -5413 -5414 -5407 -5397 -5404 -5399 -5397 -5395 -5401 -5390 -5394 -5394 -5395 -5405 -5414 -5405 -5391 -5383 -5384 -5389 -5390 -5393 -5403 -5393 -5389 -5388 -5393 -5393 -5392 -5390 -5389 -5393 -5398 -5396 -5395 -5391 -5385 -5384
-5416 -5417 -5419 -5421 -5423 -5425 -5424 -5423 -5422 -5421 -5420 -5417 -5416 -5416 -5419 -5421 -5424 -5420 -5414 -5413 -5413 -5415 -5416 -5416 -5415 -5414 -5412 -5411 -5411 -5409 -5410 -5412 -5416 -5418 -5416 -5413 -5410 -5404 -5407 -5412 -5415 -5410 -5397 -5404 -5400 -5394 -5396 -5398 -5390 -5392 -5391 -5392 -5400 -5404 -5398 -5391 -5386 -5385 -5387 -5388 -5393 -5392 -5387 -5385 -5391 -5390 -5394 -5394 -5396 -5395 -5395 -5398 -5387 -5386 -5391 -5387 -5387
-5416 -5416 -5418 -5419 -5420 -5421 -5422 -5424 -5423 -5420 -5420 -5421 -5418 -5418 -5417 -5417 -5417 -5416 -5419 -5425 -5424 -5422 -5419 -5415 -5418 -5416 -5408 -5407 -5408 -5405 -5405 -5411 -5415 -5422 -5418 -5410 -5406 -5404 -5405 -5410 -5410 -5406 -5396 -5400 -5401 -5395 -5400 -5398 -5395 -5397 -5394 -5393 -5395 -5397 -5393 -5391 -5388 -5387 -5386 -5388 -5394 -5391 -5388 -5387 -5387 -5390 -5393 -5392 -5394 -5394 -5391 -5391 -5381 -5380 -5386 -5388 -5389
-5418 -5413 -5415 -5416 -5419 -5419 -5423 -5427 -5426 -5419 -5418 -5421 -5418 -5417 -5414 -5413 -5415 -5417 -5421 -5428 -5427 -5423 -5416 -5408 -5414 -5413 -5402 -5401 -5408 -5406 -5403 -5407 -5423 -5418 -5414 -5407 -5406 -5406 -5405 -5407 -5405 -5401 -5392 -5403 -5402 -5399 -5407 -5400 -5401 -5399 -5396 -5395 -5395 -5395 -5393 -5393 -5390 -5390 -5390 -5391 -5390 -5392 -5390 -5388 -5385 -5386 -5387 -5385 -5384 -5383 -5382 -5383 -5381 -5381 -5381 -5385 -5386
-5419 -5414 -5414 -5416 -5423 -5421 -5420 -5422 -5420 -5414 -5413 -5416 -5414 -5416 -5414 -5413 -5417 -5420 -5418 -5420 -5419 -5419 -5414 -5402 -5404 -5409 -5405 -5406 -5415 -5412 -5404 -5408 -5407 -5407 -5406 -5406 -5410 -5408 -5405 -5405 -5404 -5398 -5390 -5401 -5401 -5400 -5404 -5396 -5399 -5392 -5393 -5398 -5401 -5397 -5396 -5397 -5393 -5391 -5391 -5393 -5388 -5391 -5390 -5388 -5383 -5382 -5382 -5380 -5378 -5377 -5379 -5379 -5380 -5381 -5381 -5386 -5388
-5417 -5412 -5410 -5412 -5421 -5420 -5412 -5410 -5413 -5415 -5417 -5415 -5412 -5414 -5413 -5413 -5418 -5421 -5419 -5416 -5417 -5419 -5416 -5404 -5401 -5407 -5415 -5418 -5423 -5417 -5404 -5408 -5405 -5401 -5400 -5403 -5411 -5407 -5403 -5404 -5404 -5397 -5393 -5400 -5398 -5396 -5399 -5399 -5391 -5383 -5387 -5394 -5402 -5398 -5395 -5395 -5393 -5390 -5389 -5392 -5390 -5388 -5387 -5387 -5385 -5381 -5381 -5382 -5380 -5379 -5379 -5380 -5378 -5381 -5387 -5387 -5387
-5417 -5413 -5412 -5412 -5418 -5419 -5410 -5407 -5411 -5420 -5423 -5417 -5414 -5413 -5407 -5408 -5416 -5423 -5422 -5416 -5416 -5417 -5417 -5412 -5407 -5405 -5416 -5423 -5434 -5431 -5414 -5402 -5403 -5401 -5400 -5401 -5408 -5402 -5407 -5403 -5405 -5397 -5397 -5401 -5398 -5395 -5396 -5406 -5394 -5386 -5386 -5389 -5395 -5394 -5389 -5388 -5390 -5390 -5387 -5388 -5388 -5385 -5385 -5386 -5388 -5387 -5387 -5384 -5381 -5380 -5381 -5383 -5380 -5385 -5392 -5386 -5383
-5418 -5419 -5419 -5418 -5422 -5423 -5417 -5415 -5416 -5421 -5422 -5417 -5417 -5415 -5409 -5409 -5415 -5423 -5423 -5417 -5415 -5416 -5418 -5421 -5415 -5407 -5420 -5433 -5450 -5447 -5426 -5404 -5403 -5404 -5405 -5403 -5404 -5400 -5400 -5402 -5403 -5398 -5404 -5411 -5402 -5396 -5396 -5398 -5401 -5396 -5394 -5394 -5393 -5393 -5388 -5387 -5388 -5388 -5388 -5387 -5386 -5384 -5385 -5386 -5394 -5401 -5400 -5386 -5378 -5379 -5381 -5385 -5384 -5388 -5389 -5384 -5383
-5421 -5425 -5424 -5420 -5423 -5424 -5422 -5423 -5424 -5422 -5420 -5416 -5418 -5418 -5417 -5417 -5415 -5416 -5416 -5413 -5413 -5413 -5416 -5422 -5418 -5409 -5421 -5433 -5451 -5446 -5429 -5405 -5402 -5407 -5409 -5406 -5403 -5399 -5404 -5400 -5399 -5396 -5405 -5417 -5406 -5402 -5398 -5401 -5403 -5397 -5397 -5396 -5391 -5390 -5389 -5385 -5385 -5388 -5393 -5392 -5386 -5386 -5385 -5388 -5404 -5424 -5424 -5401 -5382 -5378 -5380 -5387 -5387 -5388 -5384 -5379 -5379
-5422 -5423 -5421 -5416 -5417 -5418 -5419 -5425 -5426 -5423 -5419 -5415 -5416 -5419 -5426 -5420 -5414 -5410 -5409 -5411 -5412 -5412 -5415 -5419 -5413 -5404 -5412 -5421 -5432 -5431 -5423 -5402 -5403 -5401 -5401 -5403 -5403 -5400 -5402 -5396 -5396 -5394 -5400 -5408 -5400 -5399 -5395 -5401 -5401 -5395 -5394 -5394 -5390 -5389 -5390 -5386 -5386 -5390 -5395 -5393 -5387 -5387 -5388 -5393 -5413 -5441 -5441 -5415 -5389 -5381 -5382 -5387 -5384 -5384 -5381 -5380 -5381
