data/crater_dem/crater0096.asc
ncols         322
nrows         321
xllcorner     528.15570779356
yllcorner     1256583.0584676
cellsize      59.2252938
NODATA_value  -9999
[rows 0 to 37 of 321, columns 84 to 167 of 322]
7286 7311 7322 7331 7353 7369 7383 7404 7414 7422 7425 7429 7436 7445 7447 7450 7447 7446 7443 7425 7418 7414 7403 7396 7392 7391 7390 7386 7384 7381 7370 7363 7353 7341 7337 7333 7317 7302 7284 7256 7242 7226 7186 7168 7154 7132 7122 7111 7110 7090 7078 7051 7035 7003 6984 6961 6922 6900 6880 6843 6821 6788 6755 6737 6720 6688 6679 6678 6642 6636 6629 6578 6588 6577 6553 6540 6528 6508 6496 6472 6471 6466 6431 6419
7279 7304 7314 7326 7355 7371 7383 7403 7414 7420 7426 7431 7438 7446 7447 7446 7442 7441 7440 7427 7419 7412 7406 7400 7395 7397 7399 7392 7386 7384 7380 7372 7362 7348 7340 7331 7308 7294 7279 7247 7231 7215 7180 7163 7149 7127 7117 7108 7103 7089 7081 7053 7037 7007 6993 6969 6933 6914 6895 6858 6837 6809 6774 6758 6751 6708 6694 6692 6667 6659 6649 6613 6611 6605 6579 6566 6541 6538 6525 6497 6491 6486 6449 6437
7269 7296 7308 7322 7356 7369 7379 7402 7410 7414 7422 7428 7433 7439 7441 7441 7441 7439 7437 7433 7425 7417 7407 7402 7401 7405 7408 7402 7394 7391 7387 7378 7368 7352 7342 7330 7304 7288 7270 7235 7220 7209 7176 7157 7140 7120 7110 7102 7101 7093 7087 7062 7047 7017 6996 6980 6946 6929 6911 6873 6853 6830 6796 6784 6776 6738 6730 6720 6692 6681 6671 6650 6635 6626 6601 6590 6580 6561 6548 6521 6515 6508 6467 6455
7257 7288 7300 7317 7351 7362 7373 7396 7404 7407 7419 7426 7429 7434 7435 7435 7442 7444 7443 7440 7434 7427 7415 7411 7413 7413 7412 7409 7403 7399 7394 7386 7377 7358 7345 7332 7304 7288 7269 7232 7214 7199 7169 7151 7136 7116 7110 7102 7088 7102 7096 7075 7061 7030 7012 6995 6961 6943 6924 6889 6873 6855 6824 6808 6803 6764 6755 6749 6719 6707 6695 6669 6657 6642 6624 6614 6602 6579 6566 6541 6534 6528 6487 6473
7246 7277 7290 7305 7336 7350 7364 7387 7396 7404 7420 7425 7428 7434 7437 7438 7446 7450 7450 7444 7439 7432 7422 7420 7423 7420 7418 7416 7412 7409 7404 7396 7386 7362 7349 7335 7307 7291 7274 7234 7210 7192 7165 7152 7140 7124 7118 7118 7119 7115 7109 7089 7075 7043 7025 7010 6977 6959 6942 6912 6898 6883 6853 6832 6829 6795 6779 6772 6747 6734 6720 6693 6678 6663 6646 6637 6625 6599 6585 6562 6554 6546 6504 6490
7234 7269 7284 7299 7327 7340 7355 7382 7392 7401 7419 7424 7426 7436 7442 7445 7449 7448 7448 7444 7439 7434 7427 7426 7423 7420 7420 7422 7421 7419 7413 7406 7394 7368 7356 7343 7313 7296 7280 7238 7213 7194 7169 7160 7152 7141 7136 7140 7144 7129 7123 7104 7091 7062 7048 7031 6997 6980 6964 6935 6921 6903 6872 6857 6853 6821 6808 6801 6775 6760 6744 6720 6704 6688 6668 6659 6647 6621 6609 6582 6574 6561 6521 6509
7223 7259 7275 7291 7318 7331 7346 7377 7390 7401 7415 7420 7423 7436 7444 7448 7446 7444 7443 7445 7444 7440 7435 7432 7424 7419 7418 7424 7423 7420 7414 7409 7400 7375 7363 7350 7320 7302 7285 7246 7224 7204 7180 7173 7168 7160 7158 7152 7159 7146 7142 7121 7107 7081 7068 7054 7019 7002 6986 6955 6942 6919 6889 6870 6872 6840 6830 6824 6799 6784 6766 6743 6732 6715 6692 6681 6669 6644 6631 6600 6590 6578 6539 6526
7213 7249 7263 7276 7304 7319 7334 7367 7384 7398 7411 7417 7421 7434 7442 7447 7444 7441 7443 7450 7453 7452 7444 7439 7431 7427 7424 7428 7426 7422 7413 7410 7405 7381 7366 7353 7327 7307 7287 7255 7237 7221 7199 7193 7187 7179 7180 7172 7180 7165 7160 7141 7124 7097 7090 7071 7040 7026 7011 6978 6964 6941 6914 6899 6896 6861 6856 6845 6818 6802 6787 6775 6761 6739 6715 6703 6691 6668 6653 6618 6607 6595 6556 6541
7201 7238 7251 7264 7292 7306 7322 7358 7375 7390 7406 7414 7422 7433 7439 7444 7443 7441 7443 7450 7454 7456 7450 7447 7441 7437 7434 7432 7431 7428 7420 7415 7410 7387 7372 7358 7334 7314 7295 7268 7252 7237 7217 7213 7208 7202 7204 7196 7199 7183 7177 7159 7143 7116 7105 7087 7059 7051 7039 7006 6989 6972 6943 6926 6923 6887 6885 6872 6841 6827 6814 6793 6784 6761 6736 6723 6713 6691 6674 6637 6626 6613 6570 6554
7188 7225 7238 7254 7283 7295 7310 7351 7366 7377 7399 7410 7420 7431 7437 7442 7445 7445 7447 7452 7456 7458 7455 7451 7446 7444 7440 7433 7430 7429 7426 7422 7415 7393 7378 7364 7338 7320 7305 7282 7267 7250 7230 7229 7227 7224 7222 7215 7215 7201 7193 7176 7162 7137 7123 7107 7081 7072 7063 7032 7018 7002 6973 6950 6947 6918 6915 6898 6870 6860 6845 6824 6810 6784 6758 6744 6740 6708 6693 6654 6640 6624 6583 6567
7173 7205 7223 7242 7271 7281 7295 7338 7353 7362 7388 7404 7414 7425 7432 7440 7450 7454 7457 7459 7461 7464 7463 7457 7449 7447 7442 7434 7430 7427 7430 7427 7421 7400 7386 7372 7343 7327 7314 7294 7279 7264 7248 7247 7247 7242 7237 7234 7235 7218 7209 7192 7181 7156 7139 7128 7105 7096 7086 7056 7044 7036 7004 6979 6975 6946 6942 6927 6897 6886 6872 6844 6826 6810 6784 6769 6753 6722 6709 6671 6653 6633 6596 6580
7158 7186 7205 7226 7256 7268 7283 7323 7336 7347 7374 7388 7399 7414 7422 7432 7450 7456 7461 7464 7466 7468 7466 7459 7450 7448 7444 7438 7436 7434 7434 7432 7427 7410 7397 7384 7354 7338 7327 7308 7296 7284 7270 7267 7263 7255 7252 7250 7248 7234 7222 7206 7198 7177 7157 7152 7131 7120 7109 7080 7069 7066 7031 7014 6999 6972 6969 6956 6921 6910 6898 6871 6850 6833 6807 6791 6772 6739 6726 6689 6675 6654 6614 6597
7149 7172 7187 7206 7240 7256 7274 7307 7320 7336 7360 7370 7383 7406 7414 7424 7443 7451 7458 7469 7468 7465 7460 7456 7453 7453 7449 7445 7444 7441 7436 7433 7430 7419 7409 7398 7368 7355 7345 7327 7316 7305 7288 7283 7277 7270 7269 7271 7260 7246 7232 7217 7214 7200 7183 7177 7155 7144 7132 7107 7097 7084 7056 7041 7024 6998 6997 6991 6947 6934 6922 6894 6872 6855 6824 6808 6790 6757 6743 6708 6694 6677 6630 6612
7139 7163 7178 7192 7228 7247 7267 7293 7306 7323 7350 7362 7374 7400 7410 7420 7437 7446 7456 7465 7463 7457 7453 7456 7458 7457 7453 7449 7449 7446 7436 7432 7431 7426 7418 7408 7380 7368 7360 7341 7331 7321 7303 7296 7293 7288 7286 7288 7271 7258 7245 7233 7232 7219 7206 7199 7181 7169 7158 7135 7124 7109 7076 7065 7049 7027 7032 7019 6975 6960 6945 6912 6894 6876 6842 6826 6810 6774 6757 6725 6706 6689 6643 6624
7122 7153 7167 7182 7220 7242 7261 7285 7296 7310 7344 7360 7374 7394 7404 7414 7429 7438 7449 7457 7456 7455 7457 7461 7460 7458 7455 7455 7455 7453 7442 7436 7434 7429 7424 7417 7391 7378 7370 7352 7341 7331 7313 7308 7305 7296 7292 7296 7282 7274 7264 7256 7253 7239 7235 7223 7204 7194 7183 7159 7146 7130 7094 7086 7075 7057 7046 7032 7001 6984 6967 6936 6916 6896 6860 6843 6826 6789 6771 6737 6721 6702 6656 6636
7105 7139 7155 7170 7206 7228 7248 7275 7285 7298 7334 7351 7363 7381 7394 7405 7419 7427 7438 7453 7456 7458 7463 7465 7460 7457 7457 7460 7460 7459 7449 7442 7438 7430 7427 7423 7406 7392 7381 7363 7351 7342 7327 7321 7316 7302 7296 7302 7295 7291 7285 7277 7272 7261 7256 7246 7226 7215 7206 7182 7169 7152 7118 7120 7108 7076 7074 7055 7023 7007 6992 6957 6939 6916 6876 6859 6842 6803 6783 6745 6731 6714 6663 6642
7094 7127 7144 7158 7188 7209 7231 7264 7273 7284 7317 7333 7345 7368 7381 7390 7409 7421 7432 7449 7452 7456 7464 7467 7459 7456 7457 7460 7461 7461 7454 7449 7443 7431 7427 7424 7418 7406 7393 7373 7365 7358 7343 7335 7329 7314 7310 7317 7307 7302 7299 7294 7290 7282 7278 7265 7248 7238 7226 7205 7194 7185 7146 7147 7129 7094 7096 7080 7044 7030 7015 6979 6959 6936 6894 6875 6857 6818 6798 6759 6749 6728 6676 6654
7085 7116 7131 7146 7178 7196 7217 7250 7260 7271 7299 7315 7331 7356 7365 7373 7396 7411 7424 7438 7445 7449 7459 7463 7457 7456 7456 7459 7459 7462 7462 7457 7450 7435 7429 7425 7421 7414 7404 7385 7379 7374 7360 7351 7343 7326 7324 7332 7320 7314 7313 7314 7310 7302 7298 7286 7271 7262 7250 7230 7223 7216 7175 7173 7165 7119 7118 7103 7063 7050 7036 7000 6978 6955 6911 6881 6877 6833 6812 6774 6761 6742 6692 6670
7074 7109 7123 7137 7168 7184 7200 7228 7240 7255 7283 7298 7315 7342 7355 7368 7388 7400 7413 7431 7438 7445 7454 7456 7456 7457 7459 7460 7462 7467 7467 7461 7454 7439 7434 7429 7424 7421 7415 7395 7392 7391 7378 7370 7361 7342 7341 7343 7331 7334 7334 7335 7331 7320 7317 7306 7291 7282 7271 7253 7246 7236 7202 7193 7182 7143 7141 7125 7087 7072 7056 7018 6998 6976 6932 6914 6897 6849 6825 6786 6778 6754 6705 6684
7063 7096 7111 7125 7153 7167 7183 7207 7221 7238 7269 7285 7301 7329 7343 7359 7384 7395 7406 7422 7430 7438 7448 7451 7455 7458 7460 7461 7464 7470 7471 7466 7459 7448 7445 7442 7432 7428 7424 7409 7406 7405 7394 7386 7376 7363 7360 7354 7344 7353 7353 7352 7348 7338 7334 7324 7309 7301 7291 7272 7263 7252 7225 7216 7208 7162 7160 7145 7106 7091 7075 7039 7019 6996 6951 6932 6913 6867 6844 6801 6788 6765 6719 6698
7049 7075 7092 7109 7137 7152 7168 7197 7213 7229 7258 7273 7288 7316 7329 7343 7373 7385 7395 7413 7421 7431 7445 7448 7453 7454 7456 7463 7466 7468 7474 7472 7466 7457 7456 7453 7439 7436 7437 7429 7423 7420 7408 7398 7389 7381 7378 7370 7366 7368 7370 7367 7363 7359 7360 7346 7327 7319 7311 7290 7282 7271 7246 7232 7226 7183 7174 7159 7118 7104 7091 7054 7032 7008 6965 6945 6940 6883 6861 6816 6801 6783 6727 6706
7031 7056 7074 7092 7123 7140 7156 7188 7204 7219 7243 7257 7272 7301 7316 7331 7362 7375 7385 7405 7416 7425 7440 7446 7455 7455 7456 7464 7467 7467 7474 7472 7466 7461 7462 7460 7455 7453 7451 7445 7438 7432 7422 7414 7406 7399 7393 7381 7378 7382 7384 7382 7379 7378 7373 7376 7345 7338 7330 7307 7299 7294 7264 7249 7239 7203 7190 7172 7132 7117 7104 7070 7041 7019 6983 6962 6956 6896 6874 6829 6812 6793 6735 6716
7016 7041 7056 7075 7109 7124 7139 7172 7188 7203 7227 7241 7258 7290 7305 7321 7351 7361 7371 7395 7408 7418 7432 7440 7456 7459 7460 7466 7468 7469 7474 7469 7462 7461 7464 7467 7469 7465 7462 7454 7448 7443 7437 7432 7427 7416 7398 7404 7390 7395 7397 7399 7397 7392 7390 7390 7362 7355 7348 7325 7318 7304 7276 7261 7253 7222 7204 7191 7149 7132 7115 7086 7055 7034 6996 6974 6952 6905 6882 6839 6817 6804 6745 6728
7005 7026 7037 7054 7090 7104 7119 7155 7171 7187 7216 7230 7246 7282 7297 7313 7333 7340 7351 7385 7398 7408 7425 7435 7451 7455 7457 7463 7467 7469 7472 7469 7465 7466 7470 7474 7477 7474 7472 7465 7460 7458 7453 7447 7441 7429 7417 7422 7408 7409 7411 7414 7411 7402 7399 7401 7375 7368 7363 7343 7330 7325 7290 7275 7264 7239 7217 7205 7162 7141 7124 7094 7070 7049 7002 6980 6959 6916 6892 6842 6823 6806 6753 6734
6990 7011 7021 7036 7071 7088 7108 7143 7158 7173 7203 7218 7236 7269 7287 7303 7320 7329 7343 7378 7391 7400 7417 7427 7441 7446 7450 7459 7465 7468 7473 7473 7472 7476 7478 7481 7484 7484 7483 7475 7472 7472 7463 7457 7451 7443 7438 7442 7428 7425 7426 7425 7420 7412 7412 7413 7384 7377 7371 7354 7346 7338 7304 7288 7280 7250 7225 7215 7169 7148 7131 7102 7079 7058 7012 6990 6969 6927 6900 6841 6818 6798 6757 6740
6972 6998 7010 7023 7057 7076 7096 7131 7145 7159 7186 7207 7229 7262 7277 7293 7312 7325 7342 7372 7385 7395 7409 7416 7431 7436 7441 7454 7460 7465 7472 7477 7480 7485 7485 7486 7491 7492 7492 7485 7484 7483 7474 7470 7465 7462 7450 7457 7446 7443 7440 7436 7432 7423 7420 7419 7390 7383 7377 7359 7348 7343 7311 7298 7290 7258 7231 7225 7182 7162 7144 7107 7084 7064 7023 7002 6981 6938 6909 6852 6825 6810 6766 6747
6956 6987 6998 7012 7046 7065 7083 7120 7136 7150 7175 7196 7221 7256 7272 7287 7307 7319 7334 7362 7375 7387 7405 7411 7423 7427 7431 7443 7451 7454 7460 7471 7482 7492 7492 7492 7498 7500 7500 7495 7494 7492 7486 7485 7484 7480 7474 7478 7463 7458 7456 7449 7444 7432 7429 7425 7397 7391 7384 7366 7355 7351 7312 7304 7290 7264 7243 7236 7199 7178 7155 7117 7091 7072 7031 7011 6990 6945 6918 6867 6844 6831 6781 6759
6942 6971 6984 6999 7038 7055 7072 7109 7125 7141 7170 7185 7204 7241 7258 7276 7304 7313 7325 7350 7362 7376 7399 7404 7415 7419 7424 7434 7440 7443 7452 7466 7480 7494 7497 7500 7506 7507 7505 7502 7504 7503 7500 7500 7497 7493 7490 7495 7485 7471 7468 7458 7452 7437 7431 7428 7404 7397 7389 7372 7367 7362 7320 7312 7305 7271 7244 7237 7211 7189 7164 7129 7102 7084 7042 7011 6998 6951 6925 6873 6853 6841 6793 6773
6930 6958 6974 6992 7030 7047 7064 7098 7113 7131 7167 7179 7192 7226 7244 7263 7296 7306 7316 7343 7355 7367 7388 7394 7406 7412 7419 7424 7429 7437 7452 7464 7476 7494 7498 7502 7507 7507 7508 7512 7514 7514 7512 7512 7510 7503 7504 7511 7495 7481 7475 7462 7454 7434 7426 7421 7406 7400 7393 7381 7380 7372 7333 7320 7317 7282 7253 7252 7219 7198 7174 7137 7116 7097 7051 7027 7004 6958 6931 6878 6862 6848 6802 6781
6922 6949 6966 6985 7021 7038 7057 7095 7109 7125 7159 7173 7188 7222 7240 7258 7289 7299 7309 7336 7348 7358 7377 7384 7394 7401 7410 7421 7426 7435 7451 7459 7469 7489 7495 7500 7507 7508 7511 7518 7521 7520 7518 7520 7521 7516 7520 7508 7506 7490 7483 7467 7457 7434 7420 7422 7408 7403 7398 7389 7386 7380 7340 7327 7322 7292 7270 7260 7224 7205 7185 7151 7128 7108 7061 7036 7012 6967 6941 6889 6876 6860 6805 6782
6912 6941 6957 6974 7011 7030 7049 7092 7108 7121 7151 7167 7184 7219 7237 7256 7284 7292 7301 7328 7340 7348 7366 7373 7383 7390 7402 7421 7426 7432 7447 7453 7461 7480 7486 7492 7508 7511 7513 7519 7522 7521 7518 7522 7525 7521 7525 7515 7516 7500 7495 7479 7467 7442 7426 7426 7409 7404 7401 7396 7390 7384 7349 7339 7328 7302 7285 7269 7231 7213 7195 7141 7125 7104 7070 7045 7019 6976 6952 6904 6885 6869 6809 6784
6899 6932 6948 6965 7007 7026 7043 7084 7103 7120 7151 7166 7183 7217 7235 7252 7280 7290 7301 7328 7338 7345 7357 7365 7375 7382 7394 7412 7415 7420 7439 7448 7457 7473 7479 7485 7501 7505 7506 7514 7519 7520 7518 7521 7523 7520 7528 7520 7522 7509 7504 7490 7479 7452 7435 7438 7413 7408 7406 7403 7398 7394 7361 7351 7339 7313 7296 7276 7243 7223 7203 7131 7110 7090 7071 7050 7026 6985 6961 6914 6894 6874 6817 6791
6888 6918 6937 6956 7005 7026 7043 7081 7100 7118 7150 7166 7182 7218 7235 7251 7279 7291 7303 7324 7333 7343 7357 7364 7372 7377 7387 7401 7404 7409 7430 7443 7454 7469 7476 7484 7496 7498 7500 7509 7514 7518 7520 7520 7520 7519 7529 7522 7526 7512 7506 7496 7487 7460 7453 7455 7432 7427 7423 7414 7404 7403 7374 7362 7348 7320 7305 7286 7251 7231 7209 7150 7120 7100 7076 7056 7034 6992 6966 6917 6902 6886 6824 6797
6877 6902 6923 6948 7001 7024 7042 7082 7099 7115 7149 7167 7184 7218 7234 7247 7275 7287 7297 7314 7327 7340 7358 7363 7368 7373 7382 7397 7401 7406 7422 7435 7446 7462 7471 7478 7491 7495 7496 7501 7506 7510 7516 7516 7514 7516 7533 7521 7517 7511 7505 7497 7490 7464 7453 7456 7450 7445 7438 7423 7409 7408 7383 7370 7348 7326 7311 7288 7255 7235 7217 7175 7150 7127 7085 7063 7040 6994 6969 6916 6902 6883 6827 6800
6872 6896 6919 6945 6997 7017 7036 7078 7096 7111 7150 7168 7185 7214 7227 7240 7267 7279 7288 7309 7324 7338 7350 7353 7357 7363 7373 7388 7393 7400 7418 7428 7438 7453 7461 7470 7484 7486 7486 7491 7495 7500 7503 7503 7503 7513 7519 7519 7527 7511 7506 7497 7490 7472 7465 7478 7457 7451 7443 7427 7426 7415 7387 7373 7366 7335 7319 7307 7263 7244 7225 7191 7165 7141 7088 7064 7042 6994 6973 6921 6898 6884 6828 6804
6869 6903 6923 6943 6984 7006 7027 7071 7090 7106 7146 7165 7181 7207 7219 7234 7262 7273 7285 7310 7324 7336 7346 7349 7355 7362 7370 7381 7385 7392 7414 7425 7432 7447 7455 7461 7477 7480 7479 7486 7489 7492 7495 7497 7498 7510 7529 7516 7525 7513 7511 7497 7490 7478 7473 7482 7463 7458 7451 7436 7434 7428 7393 7378 7367 7352 7326 7314 7273 7255 7235 7197 7168 7145 7094 7071 7049 7001 6978 6928 6903 6882 6831 6808
6864 6904 6923 6939 6976 6998 7019 7062 7084 7104 7144 7160 7176 7201 7215 7231 7262 7273 7287 7313 7324 7333 7346 7352 7362 7368 7374 7384 7386 7390 7411 7421 7428 7445 7452 7456 7474 7481 7483 7487 7489 7491 7497 7502 7506 7509 7517 7510 7518 7511 7510 7493 7488 7482 7478 7489 7465 7463 7460 7444 7438 7430 7399 7384 7368 7360 7332 7315 7278 7262 7243 7206 7175 7153 7106 7083 7060 7011 6986 6935 6912 6885 6830 6808
6860 6898 6918 6937 6975 6996 7015 7057 7082 7104 7143 7158 7173 7199 7213 7230 7263 7277 7292 7317 7323 7329 7343 7351 7360 7366 7374 7384 7387 7391 7408 7419 7429 7449 7456 7459 7476 7484 7488 7492 7494 7494 7501 7509 7515 7515 7521 7511 7516 7506 7505 7491 7489 7488 7486 7494 7470 7468 7465 7448 7444 7437 7405 7390 7377 7366 7338 7323 7283 7268 7251 7215 7186 7163 7116 7092 7068 7019 6994 6940 6914 6890 6830 6807
